last-generated=2015-07-10
statistics-simulation={'numerical Jacobians': '1', 'nonlinear': '1', 'linear': ' '}
res.m_flow=[3.16227769851684570312, 3.16227769851684570312]
time=[0., 20.]
