last-generated=2013-11-21
T=[293.14999389648437500000, 293.14999389648437500000]
time=[0.00000000000000000000, 1.00000000000000000000]
h=[83680.00000000000000000000, 83680.00000000000000000000]
