last-generated=2014-04-17
vol.T=[293.14999389648437500000, 296.32192993164062500000, 299.00387573242187500000, 301.26153564453125000000, 303.15969848632812500000, 304.75088500976562500000, 306.08206176757812500000, 307.19876098632812500000, 308.13827514648437500000, 308.93106079101562500000, 309.59649658203125000000, 310.15966796875000000000, 310.63305664062500000000, 311.03302001953125000000, 311.36950683593750000000, 311.65319824218750000000, 311.89196777343750000000, 312.09405517578125000000, 312.26522827148437500000, 312.41036987304687500000, 312.53335571289062500000, 312.63650512695312500000, 312.72100830078125000000, 312.79275512695312500000, 312.85250854492187500000, 312.90060424804687500000, 309.73449707031250000000, 307.06967163085937500000, 304.83514404296875000000, 302.96228027343750000000, 301.39642333984375000000, 300.08920288085937500000, 298.99404907226562500000, 298.07458496093750000000, 297.30273437500000000000, 296.65380859375000000000, 296.10516357421875000000, 295.64419555664062500000, 295.25286865234375000000, 294.92477416992187500000, 294.64608764648437500000, 294.41226196289062500000, 294.21368408203125000000, 294.04611206054687500000, 293.90420532226562500000, 293.78436279296875000000, 293.68313598632812500000, 293.59683227539062500000, 293.52325439453125000000, 293.46035766601562500000, 293.40939331054687500000, 296.54034423828125000000, 299.18759155273437500000, 301.41601562500000000000, 303.28958129882812500000, 304.86013793945312500000, 306.17404174804687500000, 307.27624511718750000000, 308.20352172851562500000, 308.98599243164062500000, 309.64279174804687500000, 310.19863891601562500000, 310.66586303710937500000, 311.06060791015625000000, 311.39273071289062500000, 311.67269897460937500000, 311.90835571289062500000, 312.10781860351562500000, 312.27676391601562500000, 312.42001342773437500000, 312.54141235351562500000, 312.64321899414062500000, 312.72659301757812500000, 312.79742431640625000000, 312.85638427734375000000, 312.90386962890625000000, 309.73730468750000000000, 307.07205200195312500000, 304.83718872070312500000, 302.96401977539062500000, 301.39791870117187500000, 300.09048461914062500000, 298.99514770507812500000, 298.07553100585937500000, 297.30352783203125000000, 296.65447998046875000000, 296.10574340820312500000, 295.64468383789062500000, 295.25329589843750000000, 294.92514038085937500000, 294.64639282226562500000, 294.41250610351562500000, 294.21389770507812500000, 294.04629516601562500000, 293.90435791015625000000, 293.78448486328125000000, 293.68322753906250000000, 293.59695434570312500000, 293.52331542968750000000, 293.46041870117187500000, 293.40795898437500000000]
time=[0.00000000000000000000, 7200.00000000000000000000]
expVes.port_a.p=[300000.00000000000000000000, 300000.00000000000000000000]
