last-generated=2015-07-10
statistics-simulation={'numerical Jacobians': '0', 'nonlinear': ' ', 'number of continuous time states': '500', 'linear': ' '}
T[2]=[0., 45.880718231201171875, 87.0707855224609375, 113.1808319091796875, 130.828277587890625, 143.6119842529296875, 153.5239715576171875, 161.64166259765625, 168.4688568115234375, 174.1693115234375, 178.8626708984375, 182.7644500732421875, 186.2154388427734375, 189.481689453125, 192.6164398193359375, 195.4572296142578125, 197.8372955322265625, 199.7850799560546875, 201.5323638916015625, 203.311676025390625, 205.1895294189453125, 207.0277557373046875, 208.6183929443359375, 209.8760223388671875, 210.928466796875, 212.01251220703125, 213.24957275390625, 214.5520782470703125, 215.73223876953125, 216.6698760986328125, 217.4177093505859375, 218.1540985107421875, 219.0222320556640625, 220.00067138671875, 220.9573516845703125, 221.71551513671875, 222.26275634765625, 222.753936767578125, 223.3643798828125, 224.1342010498046875, 224.9342803955078125, 225.5859375, 226.0350189208984375, 226.409637451171875, 226.87548828125, 227.4834136962890625, 228.1358489990234375, 228.6964874267578125, 229.080322265625, 229.34332275390625, 229.64459228515625, 230.1080780029296875, 230.6815338134765625, 231.199127197265625, 231.55584716796875, 231.786346435546875, 232.01678466796875, 232.3784027099609375, 232.8843231201171875, 233.3978729248046875, 233.75811767578125, 233.9381561279296875, 234.0946502685546875, 234.37579345703125, 234.7906036376953125, 235.2303009033203125, 235.5804290771484375, 235.7624969482421875, 235.848388671875, 236.00726318359375, 236.345306396484375, 236.7800445556640625, 237.1346893310546875, 237.320709228515625, 237.40277099609375, 237.5331878662109375, 237.8059234619140625, 238.19952392578125, 238.5761871337890625, 238.7981109619140625, 238.85333251953125, 238.8674774169921875, 239.03131103515625, 239.384674072265625, 239.78302001953125, 240.0441436767578125, 240.111907958984375, 240.1044921875, 240.20458984375, 240.4871368408203125, 240.840789794921875, 241.091796875, 241.1805419921875, 241.199981689453125, 241.2647705078125, 241.4838714599609375, 241.82830810546875, 242.14056396484375, 242.2792816162109375, 242.2751312255859375, 242.270416259765625]
time=[0., 100.]
