last-generated=2015-03-26
vol.T=[293.14999389648437500000, 293.96627806420747219818, 294.74960324851053883322, 295.50137320290383513566, 296.22274776044287136756, 296.91433715820312500000, 297.57818587959661726927, 298.21456916584776308810, 298.82504265308688218283, 299.41024793883087795621, 299.97143554687500000000, 300.50936877039191585936, 301.02511572494523761634, 301.51971458546063331596, 301.99411021776188590593, 302.44921875000000000000, 302.88549794457492225774, 303.30407695213312990745, 303.70581073357516288524, 304.09088143722334507402, 304.46032714843750000000, 304.81485018340788428759, 305.15487654956797314298, 305.48095718288112720984, 305.79382294867508562675, 306.09402465820312500000, 306.38192775798984257563, 306.65808092517534078070, 306.92300427357270109496, 307.17712378507690118568, 307.42089843750000000000, 307.65472433849959088548, 307.87902821517479878821, 308.09423838136729045800, 308.30068950357946278018, 308.49874877929687500000, 308.68875139750906555491, 308.87103262935119118993, 309.04589851884526296999, 309.21365340714675085110, 309.37457275390625000000, 309.52890029011189199082, 309.67691067542210703323, 309.81875583750638725178, 309.95483385675458976038, 310.08544921875000000000, 310.21072399336856051377, 310.33084128797077028139, 310.44604470592435063736, 310.55648793349962488719, 310.66241455078125000000, 310.76406869810318767122, 310.86157244694203427571, 310.95507794950373181564, 311.04473868542112313662, 311.13067626953125000000, 311.21316535989177509691, 311.29229751025570749334, 311.36819443776028037973, 311.44097893565771073554, 311.51077270507812500000, 311.57769781618850402083, 311.64193737518519355945, 311.70355213055142939993, 311.76263422204641528879, 311.81933593750000000000, 311.87368779463582768585, 311.92578134691586910776, 311.97579946683242724248, 312.02380366582650594864, 312.06982421875000000000, 312.11395267775520778741, 312.15628059615852407660, 312.19683830294519566451, 312.23577877206838593338, 312.27313232421875000000, 312.30892947668331771638, 312.34329230006557054367, 312.37622064113378428374, 312.40780636679846793413, 312.43807983398437500000, 312.46713245951355020225, 312.49499516899112450119, 312.52169794798942348280, 312.54733285913027884817, 312.57192993164062500000, 312.59548941347952677461, 312.61810306925229951958, 312.63977046706804685527, 312.66055305593005186893, 312.68048095703125000000, 312.69961540633977392645, 312.71792605944131082651, 312.73550411750403554834, 312.75238043395660270107, 312.76855468750000000000, 312.78408807655927148517, 312.79898074053863865629, 312.81326291267822625741, 312.82696538325279789206, 312.84014892578125000000]
time=[0.00000000000000000000, 10.00000000000000000000]
