last-generated=2013-11-16
volume.medium.T=[293.14999389648437500000, 304.01965346779047649761, 309.38723773157511232057, 313.06771872248714316811, 316.11328150272578341173, 318.84713725398211181528, 321.37319978662520725265, 323.71685784237149619003, 325.89318884878156268314, 327.91412283399182570065, 329.78866550052373440849, 331.52627573366385149711, 333.13568156448042145712, 334.62518378264076091000, 336.00158683459102348934, 337.27294848524400094902, 338.44607583917525062134, 339.52780132663468748433, 340.52340629375390790301, 341.43975850861858134522, 342.28329443458147807178, 343.05899096102888279347, 343.77075203379700951700, 344.42559788025988609661, 345.02923614843467703395, 345.58438110351562500000, 346.09137008845482341712, 346.55770825614769137246, 346.98800654210219818196, 347.38406403189520688102, 347.74465900837179788141, 348.07629386880597621712, 348.38232442764234519927, 348.66412318160001859724, 348.92031851500377115372, 349.15588392266698747335, 349.37319916166660505041, 349.57376089443295086312, 349.75708016128902499986, 349.92572044425423882785, 350.08090201011526687580, 350.22363286106690338784, 350.35488907968795047054, 350.47543326633621063593, 350.58581545460759798516, 350.68692028152122475149, 350.78070060783301187257, 350.86721802740066777915, 350.94708260122189358299, 351.02090447291277541808, 351.08920288085937500000, 351.15243536035899296621, 351.21096812409632548224, 351.26449598755920078474, 351.31085195517675856536, 351.35269160255199949461, 351.39044188590912654035, 351.42440798179410421653, 351.45501713771875529346, 351.48260504849781682424, 351.50753778468157406678, 351.52954098550304706805, 351.54937743231147351253, 351.56738282057619926491, 351.58389284474793612389, 351.59927371692839415118, 351.61383052879017441228, 351.62808225170778086976, 351.64175414078653147953, 351.65451050099369467716, 351.66641236697591921256, 351.67742922148278239547, 351.68753048963890250889, 351.69677732687006255219, 351.70510863501124276809, 351.71258544921875000000, 351.71713257141522035454, 351.72033692017419070908, 351.72357178651128606361, 351.72680663374933374143, 351.73004149990453015562, 351.73324584884539945051, 351.73648071518249480505, 351.73971558151959015959, 351.74295044745656468876, 351.74502563040010727491, 351.74682616925571210231, 351.74862670811126008630, 351.75042724696686491370, 351.75225830340053789769, 351.75405884225614272509, 351.75585937059810248684, 351.75769042663165464546, 351.75949096548720262945, 351.76062011744215851650, 351.76174926885141758248, 351.76284790300991289769, 351.76397704772540464546, 351.76510619884362540688, 351.76620483296574093401, 351.76733398437500000000]
time=[0.00000000000000000000, 1.00000000000000000000]
