last-generated=2016-04-27
statistics-simulation=
{}
thermalZoneOneElement.TIndAir=[320.197723388671875, 302.61303100585939773737, 287.85032958984373863132, 290.409698486328125, 303.77026977539060226263, 290.44854736328125, 292.90874633789064773737, 303.09970703124997726263, 289.61188964843751136868, 292.80637817382813636868, 308.979766845703125, 291.48378295898436363132, 295.22857055664064773737, 314.47446289062497726263, 293.88913574218747726263, 298.8515625, 310.619415283203125, 297.74547119140623863132, 313.70744628906248863132, 314.32391967773435226263, 302.0401611328125, 314.30253295898438636868, 303.111907958984375, 296.89077148437502273737, 320.44266967773438636868, 305.17327880859375, 300.95354003906248863132, 316.35364379882810226263, 301.74962158203123863132, 302.33031616210939773737, 327.3414306640625, 300.91329345703127273737, 306.90610961914063636868, 339.08743896484372726263, 305.556793212890625, 312.080047607421875, 343.70765991210936363132, 303.06553955078123863132, 320.92930908203123863132, 344.45402832031248863132, 306.34527587890625, 322.602691650390625, 334.5906982421875, 311.33137817382811363132, 329.90943603515626136868, 315.193603515625, 303.63695678710939773737, 320.66637573242189773737, 304.736083984375, 309.69378051757814773737, 332.798370361328125, 306.04235229492189773737, 311.61153564453127273737, 338.75563354492186363132, 305.84538574218748863132, 311.66790771484375, 342.94544067382810226263, 307.72810058593751136868, 321.96230468750002273737, 344.39641113281248863132, 309.325775146484375, 328.32116088867189773737, 307.685394287109375, 306.23016357421875, 324.36723632812498863132, 301.9677734375, 305.27387084960935226263, 324.54993286132810226263, 302.34183959960938636868, 307.34620361328126136868, 322.741912841796875, 304.63369140625002273737, 304.02239379882814773737, 330.77373657226564773737, 299.516143798828125, 301.828643798828125, 334.79328613281251136868, 299.60480957031251136868, 312.568756103515625, 328.931396484375, 301.386962890625, 312.17047119140625, 300.57026367187501136868, 297.50691528320311363132, 312.56467285156247726263, 292.88916015625, 294.25135498046876136868, 312.13955078125002273737, 293.63103027343748863132, 297.62954101562502273737, 309.918487548828125, 292.22031860351563636868, 293.94675903320313636868, 303.71746826171875, 289.3851318359375, 292.1429443359375, 300.90970458984372726263, 290.112701416015625, 300.34718017578126136868, 297.42586059570311363132, 290.9827880859375]
time=[0., 31536000.]
