last-generated=2013-12-18
T=[293.14999389648437500000, 293.14999389648437500000]
time=[0.00000000000000000000, 1.00000000000000000000]
h=[82960.00000000000000000000, 82960.00000000000000000000]
