last-generated=2016-04-27
statistics-simulation=
{}
thermalZoneFourElements.TIndAir=[320.197723388671875, 295.642913818359375, 290.20875854492186363132, 290.84322509765627273737, 293.60164184570311363132, 290.83489990234375, 292.00340576171873863132, 293.49705200195313636868, 291.138092041015625, 292.64761962890622726263, 296.021392822265625, 292.58666381835939773737, 293.74797973632814773737, 299.12135620117186363132, 294.954376220703125, 296.76983642578125, 299.710540771484375, 297.55554809570310226263, 302.49847412109375, 300.67266845703125, 301.58685302734375, 303.87935791015627273737, 300.50836181640625, 298.047332763671875, 304.30224609375, 303.83197021484375, 303.58858642578127273737, 304.82857055664061363132, 302.27644653320311363132, 303.54461059570314773737, 310.091522216796875, 303.67803955078125, 306.23873291015627273737, 313.64439697265623863132, 308.23416748046872726263, 309.1602783203125, 314.39931030273436363132, 305.71895751953127273737, 308.67576904296873863132, 312.79449462890625, 307.802459716796875, 310.69542236328123863132, 314.20686645507811363132, 311.84173583984375, 315.80653686523436363132, 310.682098388671875, 306.0364990234375, 309.2867431640625, 306.51920166015622726263, 307.357086181640625, 315.05328369140625, 308.57416992187501136868, 309.36287841796877273737, 314.87293090820310226263, 308.19574584960935226263, 307.806732177734375, 314.68281250000001136868, 309.00167236328127273737, 311.14776000976564773737, 316.01613159179686363132, 310.584625244140625, 315.16026000976563636868, 307.91995849609372726263, 306.44384155273439773737, 310.820892333984375, 304.63555908203125, 305.68884887695310226263, 310.599700927734375, 305.65772094726560226263, 306.97231445312502273737, 309.10870361328125, 306.10958251953127273737, 305.34868774414064773737, 309.42268676757811363132, 301.64674072265626136868, 302.193145751953125, 308.50699462890622726263, 301.88167114257811363132, 304.79343261718747726263, 306.665985107421875, 301.87530517578125, 303.23353271484376136868, 299.79561157226561363132, 298.67672119140627273737, 301.67303466796875, 295.303741455078125, 294.72308349609375, 298.97749633789061363132, 294.80592651367186363132, 296.90287475585938636868, 298.306243896484375, 294.46898803710939773737, 294.116180419921875, 295.49143676757813636868, 291.65419311523436363132, 292.185333251953125, 293.25334472656248863132, 291.06823120117189773737, 293.95109252929688636868, 292.22269287109372726263, 291.241455078125]
time=[0., 31536000.]
