last-generated=2014-03-25
vol.T=[293.14999389648437500000, 296.34722900390625000000, 299.04666137695312500000, 301.31567382812500000000, 303.22042846679687500000, 304.81460571289062500000, 306.14608764648437500000, 307.26132202148437500000, 308.19815063476562500000, 308.98757934570312500000, 309.64920043945312500000, 310.20837402343750000000, 310.67767333984375000000, 311.07366943359375000000, 311.40634155273437500000, 311.68634033203125000000, 311.92172241210937500000, 312.12066650390625000000, 312.28897094726562500000, 312.43151855468750000000, 312.55215454101562500000, 312.65316772460937500000, 312.73568725585937500000, 312.80569458007812500000, 312.86386108398437500000, 312.91052246093750000000, 309.71762084960937500000, 307.03414916992187500000, 304.78744506835937500000, 302.90725708007812500000, 301.33779907226562500000, 300.02972412109375000000, 298.93554687500000000000, 298.01828002929687500000, 297.24929809570312500000, 296.60379028320312500000, 296.05859375000000000000, 295.60150146484375000000, 295.21386718750000000000, 294.88928222656250000000, 294.61404418945312500000, 294.38339233398437500000, 294.18777465820312500000, 294.02294921875000000000, 293.88357543945312500000, 293.76605224609375000000, 293.66687011718750000000, 293.58242797851562500000, 293.51046752929687500000, 293.44903564453125000000, 293.39984130859375000000, 296.55725097656250000000, 299.22308349609375000000, 301.46377563476562500000, 303.34478759765625000000, 304.91903686523437500000, 306.23388671875000000000, 307.33517456054687500000, 308.26025390625000000000, 309.03979492187500000000, 309.69311523437500000000, 310.24530029296875000000, 310.70870971679687500000, 311.09973144531250000000, 311.42822265625000000000, 311.70474243164062500000, 311.93713378906250000000, 312.13357543945312500000, 312.29980468750000000000, 312.44055175781250000000, 312.55966186523437500000, 312.65939331054687500000, 312.74090576171875000000, 312.81002807617187500000, 312.86746215820312500000, 312.91354370117187500000, 309.72021484375000000000, 307.03634643554687500000, 304.78933715820312500000, 302.90887451171875000000, 301.33917236328125000000, 300.03088378906250000000, 298.93655395507812500000, 298.01913452148437500000, 297.25003051757812500000, 296.60443115234375000000, 296.05914306640625000000, 295.60195922851562500000, 295.21423339843750000000, 294.88961791992187500000, 294.61431884765625000000, 294.38360595703125000000, 294.18798828125000000000, 294.02310180664062500000, 293.88369750976562500000, 293.76617431640625000000, 293.66696166992187500000, 293.58251953125000000000, 293.51052856445312500000, 293.44909667968750000000, 293.39825439453125000000]
time=[0.00000000000000000000, 7200.00000000000000000000]
expVes.port_a.p=[300000.00000000000000000000, 300000.00000000000000000000]
