last-generated=2014-01-24
x_incStrict[2]=[1.00000000000000000000, 1.00000000000000000000]
x_incStrict[3]=[2.00000000000000000000, 2.00000000000000000000]
x_incStrict[1]=[0.00000000000000000000, 0.00000000000000000000]
time=[0.00000000000000000000, 1.00000000000000000000]
