last-generated=2026-07-24
statistics-simulation=
{
  "linear": " ",
  "nonlinear": " ",
  "numerical Jacobians": "0"
}
time=[0e+00, 8.64e+04]
QLos_flow_SteSta[2]=[-3.461376571655273e+01, -1.756612548828125e+02, 1.62981689453125e+02, -1.833986358642578e+02, -1.180391407012939e+01, 6.414517974853516e+01, -1.833262634277344e+02, 7.568988037108387e+01, -6.22884521484375e+01, -7.721377563476562e+01, 2.64226188659668e+01, -6.982586669921875e+01, -2.924523162841797e+01, -3.94142951965332e+01, 5.983368755445726e-01, -9.565015411376953e+01, 7.986241340637207e+00, -6.80687808993879e+00, -1.463874816894531e+02, 1.140987243652344e+02, -1.333727111816406e+02, -5.742361831665039e+01, 1.119958953857422e+02, -2.353746948242188e+02, 1.064337158203125e+02, -3.461376571655273e+01, -1.756612548828125e+02, 1.62981689453125e+02, -1.833986358640902e+02, -1.180391407012939e+01, 6.414517974853516e+01, -1.833262634277344e+02, 7.568988037109375e+01, -6.22884521484375e+01, -7.721377563456718e+01, 2.642261886596476e+01, -6.982586669921875e+01, -2.924523162841797e+01, -3.94142951965332e+01, 5.983368754386902e-01, -9.565015411376953e+01, 7.986241340637207e+00, -6.806878089904785e+00, -1.463874816894531e+02, 1.140987243652344e+02, -1.333727111816406e+02, -5.742361831665039e+01, 1.119958953857422e+02, -2.353746948242188e+02, 1.064337158203125e+02, -3.461376571655273e+01, -1.756612548828125e+02, 1.62981689453125e+02, -1.833986358642578e+02, -1.180391407012939e+01, 6.41451797485248e+01, -1.83326263427726e+02, 7.568988037113806e+01, -6.22884521484375e+01, -7.721377563476562e+01, 2.64226188659668e+01, -6.982586669921875e+01, -2.924523162841797e+01, -3.94142951965332e+01, 5.983368754386902e-01, -9.565015411376953e+01, 7.986241340637207e+00, -6.806878089904785e+00, -1.463874816892077e+02, 1.14098724365226e+02, -1.333727111816314e+02, -5.742361831665039e+01, 1.119958953857422e+02, -2.353746948242188e+02, 1.064337158203125e+02, -3.461376571655273e+01, -1.756612548828125e+02, 1.62981689453125e+02, -1.833986358642578e+02, -1.180391407012939e+01, 6.414517974853516e+01, -1.833262634277344e+02, 7.568988037109375e+01, -6.22884521484375e+01, -7.721377563476562e+01, 2.64226188659668e+01, -6.982586669921875e+01, -2.924523162841797e+01, -3.94142951965332e+01, 5.983368754386902e-01, -9.565015411376953e+01, 7.986241340637207e+00, -6.806878089904785e+00, -1.463874816894531e+02, 1.140987243652344e+02, -1.333727111816406e+02, -5.742361831665039e+01, 1.119958953857422e+02, -2.353746948242188e+02, 1.064337158203125e+02, -3.461376571655273e+01]
QLos_flow_QuaDyn[2]=[-2.602566528320312e+01, -1.567047271728516e+02, 1.571813201904297e+02, -1.759888458251953e+02, 2.002447128295898e+00, 5.814956283569336e+01, -1.793143920898438e+02, 8.944403839110439e+01, -7.66317138671875e+01, -6.408020782470703e+01, 2.616937637329102e+01, -7.976358032226562e+01, -1.262259292602539e+01, -5.872324371337891e+01, 1.181876468671056e+01, -9.976512145996094e+01, -4.005714416503906e+00, 9.588548660242392e+00, -1.738812713623047e+02, 1.321890258789062e+02, -1.45318115234375e+02, -7.360208129882812e+01, 1.385887145996094e+02, -2.759207153320312e+02, 1.259432067871094e+02, -3.808833312988281e+01, -2.038348846435547e+02, 1.933145294189453e+02, -2.177186889646351e+02, -2.218893051147461e+00, 6.763643646240234e+01, -2.087881469726562e+02, 9.804972076416016e+01, -8.435846710205078e+01, -7.137307739233439e+01, 2.717036819457819e+01, -8.264255523681641e+01, -1.30913782119751e+01, -5.812944793701172e+01, 1.215060901641846e+01, -9.342684173583984e+01, -3.855890035629272e+00, 1.134637641906738e+01, -1.5355126953125e+02, 1.162653121948242e+02, -1.203418273925781e+02, -6.045575332641602e+01, 1.164659194946289e+02, -2.181743316650391e+02, 1.013759384155273e+02, -2.602566528320312e+01, -1.50376220703125e+02, 1.467318725585938e+02, -1.563150939941406e+02, 4.919003486633301e+00, 4.901739883422019e+01, -1.406783294677662e+02, 7.414651489260963e+01, -5.776280975341797e+01, -3.874665832519531e+01, 2.085035133361816e+01, -5.21861457824707e+01, 1.825603604316711e+00, -3.923461151123047e+01, 1.566115283966064e+01, -5.340850067138672e+01, -3.185614824295044e+00, 1.73968620300293e+01, -9.708248138408435e+01, 7.946778106688862e+01, -7.132310485839275e+01, -3.822653198242188e+01, 8.391322326660156e+01, -1.437281341552734e+02, 7.350984191894531e+01, -1.396299934387207e+01, -1.032460632324219e+02, 1.105986557006836e+02, -1.145852584838867e+02, 9.14034366607666e+00, 3.95305290222168e+01, -1.112045745849609e+02, 6.554082489013672e+01, -5.003605651855469e+01, -3.145378875732422e+01, 1.984935760498047e+01, -4.930716705322266e+01, 2.294388771057129e+00, -3.982840728759766e+01, 1.532930946350098e+01, -5.974678421020508e+01, -3.335438966751099e+00, 1.563903331756592e+01, -1.174124908447266e+02, 9.539149475097656e+01, -9.629939270019531e+01, -5.137285614013672e+01, 1.06036018371582e+02, -2.014745330810547e+02, 9.807711029052734e+01, -2.602566528320312e+01]
TEnv.y=[2.831499938964844e+02, 2.715923156738281e+02, 2.978843078613281e+02, 2.759237060546875e+02, 2.776281433105469e+02, 2.974158325195312e+02, 2.704850769042969e+02, 2.85029998779296e+02, 2.93418212890625e+02, 2.681795959472656e+02, 2.919667663574219e+02, 2.868803405761719e+02, 2.695776062011719e+02, 2.96722412109375e+02, 2.794196472167985e+02, 2.743332214355469e+02, 2.981203918457031e+02, 2.728818054199231e+02, 2.812699890136719e+02, 2.958149108886719e+02, 2.688841552734375e+02, 2.88671875e+02, 2.903763122558594e+02, 2.684156799316406e+02, 2.947077026367188e+02, 2.831499938964844e+02, 2.715923156738281e+02, 2.978843078613281e+02, 2.759237060546907e+02, 2.776281433105469e+02, 2.974158325195312e+02, 2.704850769042969e+02, 2.850299987792969e+02, 2.93418212890625e+02, 2.681795959472659e+02, 2.919667663574214e+02, 2.868803405761719e+02, 2.695776062011719e+02, 2.96722412109375e+02, 2.794196472167969e+02, 2.743332214355469e+02, 2.981203918457031e+02, 2.728818054199219e+02, 2.812699890136719e+02, 2.958149108886719e+02, 2.688841552734375e+02, 2.88671875e+02, 2.903763122558594e+02, 2.684156799316406e+02, 2.947077026367188e+02, 2.831499938964844e+02, 2.715923156738281e+02, 2.978843078613281e+02, 2.759237060546875e+02, 2.776281433105469e+02, 2.974158325195304e+02, 2.704850769042972e+02, 2.850299987793036e+02, 2.93418212890625e+02, 2.681795959472656e+02, 2.919667663574219e+02, 2.868803405761719e+02, 2.695776062011719e+02, 2.96722412109375e+02, 2.794196472167969e+02, 2.743332214355469e+02, 2.981203918457031e+02, 2.728818054199219e+02, 2.812699890136652e+02, 2.958149108886716e+02, 2.688841552734385e+02, 2.88671875e+02, 2.903763122558594e+02, 2.684156799316406e+02, 2.947077026367188e+02, 2.831499938964844e+02, 2.715923156738281e+02, 2.978843078613281e+02, 2.759237060546875e+02, 2.776281433105469e+02, 2.974158325195312e+02, 2.704850769042969e+02, 2.850299987792969e+02, 2.93418212890625e+02, 2.681795959472656e+02, 2.919667663574219e+02, 2.868803405761719e+02, 2.695776062011719e+02, 2.96722412109375e+02, 2.794196472167969e+02, 2.743332214355469e+02, 2.981203918457031e+02, 2.728818054199219e+02, 2.812699890136719e+02, 2.958149108886719e+02, 2.688841552734375e+02, 2.88671875e+02, 2.903763122558594e+02, 2.684156799316406e+02, 2.947077026367188e+02, 2.831499938964844e+02]
T1.y=[2.831499938964844e+02, 2.919667663574219e+02, 2.688841552734375e+02, 2.974158325195312e+02, 2.743332214355469e+02, 2.831499938964844e+02, 2.919667663574219e+02, 2.688841552734403e+02, 2.974158325195312e+02, 2.743332214355469e+02, 2.831499938964844e+02, 2.919667663574219e+02, 2.688841552734375e+02, 2.974158325195312e+02, 2.743332214355332e+02, 2.831499938964844e+02, 2.919667663574219e+02, 2.688841552734432e+02, 2.974158325195312e+02, 2.743332214355469e+02, 2.831499938964844e+02, 2.919667663574219e+02, 2.688841552734375e+02, 2.974158325195312e+02, 2.743332214355469e+02, 2.831499938964844e+02, 2.919667663574219e+02, 2.688841552734375e+02, 2.974158325195102e+02, 2.743332214355469e+02, 2.831499938964844e+02, 2.919667663574219e+02, 2.688841552734375e+02, 2.974158325195312e+02, 2.743332214355185e+02, 2.831499938964842e+02, 2.919667663574219e+02, 2.688841552734375e+02, 2.974158325195312e+02, 2.743332214355469e+02, 2.831499938964844e+02, 2.919667663574219e+02, 2.688841552734375e+02, 2.974158325195312e+02, 2.743332214355469e+02, 2.831499938964844e+02, 2.919667663574219e+02, 2.688841552734375e+02, 2.974158325195312e+02, 2.743332214355469e+02, 2.831499938964844e+02, 2.919667663574219e+02, 2.688841552734375e+02, 2.974158325195312e+02, 2.743332214355469e+02, 2.83149993896485e+02, 2.919667663574209e+02, 2.688841552734393e+02, 2.974158325195312e+02, 2.743332214355469e+02, 2.831499938964844e+02, 2.919667663574219e+02, 2.688841552734375e+02, 2.974158325195312e+02, 2.743332214355469e+02, 2.831499938964844e+02, 2.919667663574219e+02, 2.688841552734375e+02, 2.974158325194892e+02, 2.743332214355478e+02, 2.83149993896484e+02, 2.919667663574219e+02, 2.688841552734375e+02, 2.974158325195312e+02, 2.743332214355469e+02, 2.831499938964844e+02, 2.919667663574219e+02, 2.688841552734375e+02, 2.974158325195312e+02, 2.743332214355469e+02, 2.831499938964844e+02, 2.919667663574219e+02, 2.688841552734375e+02, 2.974158325195312e+02, 2.743332214355469e+02, 2.831499938964844e+02, 2.919667663574219e+02, 2.688841552734375e+02, 2.974158325195312e+02, 2.743332214355469e+02, 2.831499938964844e+02, 2.919667663574219e+02, 2.688841552734375e+02, 2.974158325195312e+02, 2.743332214355469e+02, 2.831499938964844e+02, 2.919667663574219e+02, 2.688841552734375e+02, 2.974158325195312e+02, 2.743332214355469e+02, 2.831499938964844e+02]
T2.y=[2.881499938964844e+02, 2.969667663574219e+02, 2.738841552734375e+02, 3.024158325195312e+02, 2.793332214355469e+02, 2.881499938964844e+02, 2.969667663574219e+02, 2.738841552734403e+02, 3.024158325195312e+02, 2.793332214355469e+02, 2.881499938964844e+02, 2.969667663574219e+02, 2.738841552734375e+02, 3.024158325195312e+02, 2.793332214355332e+02, 2.881499938964844e+02, 2.969667663574219e+02, 2.738841552734432e+02, 3.024158325195312e+02, 2.793332214355469e+02, 2.881499938964844e+02, 2.969667663574219e+02, 2.738841552734375e+02, 3.024158325195312e+02, 2.793332214355469e+02, 2.881499938964844e+02, 2.969667663574219e+02, 2.738841552734375e+02, 3.024158325195102e+02, 2.793332214355469e+02, 2.881499938964844e+02, 2.969667663574219e+02, 2.738841552734375e+02, 3.024158325195312e+02, 2.793332214355185e+02, 2.881499938964842e+02, 2.969667663574219e+02, 2.738841552734375e+02, 3.024158325195312e+02, 2.793332214355469e+02, 2.881499938964844e+02, 2.969667663574219e+02, 2.738841552734375e+02, 3.024158325195312e+02, 2.793332214355469e+02, 2.881499938964844e+02, 2.969667663574219e+02, 2.738841552734375e+02, 3.024158325195312e+02, 2.793332214355469e+02, 2.881499938964844e+02, 2.969667663574219e+02, 2.738841552734375e+02, 3.024158325195312e+02, 2.793332214355469e+02, 2.88149993896485e+02, 2.969667663574209e+02, 2.738841552734393e+02, 3.024158325195312e+02, 2.793332214355469e+02, 2.881499938964844e+02, 2.969667663574219e+02, 2.738841552734375e+02, 3.024158325195312e+02, 2.793332214355469e+02, 2.881499938964844e+02, 2.969667663574219e+02, 2.738841552734375e+02, 3.024158325194892e+02, 2.793332214355478e+02, 2.88149993896484e+02, 2.969667663574219e+02, 2.738841552734375e+02, 3.024158325195312e+02, 2.793332214355469e+02, 2.881499938964844e+02, 2.969667663574219e+02, 2.738841552734375e+02, 3.024158325195312e+02, 2.793332214355469e+02, 2.881499938964844e+02, 2.969667663574219e+02, 2.738841552734375e+02, 3.024158325195312e+02, 2.793332214355469e+02, 2.881499938964844e+02, 2.969667663574219e+02, 2.738841552734375e+02, 3.024158325195312e+02, 2.793332214355469e+02, 2.881499938964844e+02, 2.969667663574219e+02, 2.738841552734375e+02, 3.024158325195312e+02, 2.793332214355469e+02, 2.881499938964844e+02, 2.969667663574219e+02, 2.738841552734375e+02, 3.024158325195312e+02, 2.793332214355469e+02, 2.881499938964844e+02]
T3.y=[2.931499938964844e+02, 3.019667663574219e+02, 2.788841552734375e+02, 3.074158325195312e+02, 2.843332214355469e+02, 2.931499938964844e+02, 3.019667663574219e+02, 2.788841552734403e+02, 3.074158325195312e+02, 2.843332214355469e+02, 2.931499938964844e+02, 3.019667663574219e+02, 2.788841552734375e+02, 3.074158325195312e+02, 2.843332214355332e+02, 2.931499938964844e+02, 3.019667663574219e+02, 2.788841552734432e+02, 3.074158325195312e+02, 2.843332214355469e+02, 2.931499938964844e+02, 3.019667663574219e+02, 2.788841552734375e+02, 3.074158325195312e+02, 2.843332214355469e+02, 2.931499938964844e+02, 3.019667663574219e+02, 2.788841552734375e+02, 3.074158325195102e+02, 2.843332214355469e+02, 2.931499938964844e+02, 3.019667663574219e+02, 2.788841552734375e+02, 3.074158325195312e+02, 2.843332214355185e+02, 2.931499938964842e+02, 3.019667663574219e+02, 2.788841552734375e+02, 3.074158325195312e+02, 2.843332214355469e+02, 2.931499938964844e+02, 3.019667663574219e+02, 2.788841552734375e+02, 3.074158325195312e+02, 2.843332214355469e+02, 2.931499938964844e+02, 3.019667663574219e+02, 2.788841552734375e+02, 3.074158325195312e+02, 2.843332214355469e+02, 2.931499938964844e+02, 3.019667663574219e+02, 2.788841552734375e+02, 3.074158325195312e+02, 2.843332214355469e+02, 2.93149993896485e+02, 3.019667663574209e+02, 2.788841552734393e+02, 3.074158325195312e+02, 2.843332214355469e+02, 2.931499938964844e+02, 3.019667663574219e+02, 2.788841552734375e+02, 3.074158325195312e+02, 2.843332214355469e+02, 2.931499938964844e+02, 3.019667663574219e+02, 2.788841552734375e+02, 3.074158325194892e+02, 2.843332214355478e+02, 2.93149993896484e+02, 3.019667663574219e+02, 2.788841552734375e+02, 3.074158325195312e+02, 2.843332214355469e+02, 2.931499938964844e+02, 3.019667663574219e+02, 2.788841552734375e+02, 3.074158325195312e+02, 2.843332214355469e+02, 2.931499938964844e+02, 3.019667663574219e+02, 2.788841552734375e+02, 3.074158325195312e+02, 2.843332214355469e+02, 2.931499938964844e+02, 3.019667663574219e+02, 2.788841552734375e+02, 3.074158325195312e+02, 2.843332214355469e+02, 2.931499938964844e+02, 3.019667663574219e+02, 2.788841552734375e+02, 3.074158325195312e+02, 2.843332214355469e+02, 2.931499938964844e+02, 3.019667663574219e+02, 2.788841552734375e+02, 3.074158325195312e+02, 2.843332214355469e+02, 2.931499938964844e+02]
