last-generated=2026-07-24
statistics-simulation=
{
  "linear": " ",
  "nonlinear": "0, 1, 1, 1, 1, 1, 1, 1, 1, 1, 1",
  "number of continuous time states": "11",
  "numerical Jacobians": "0"
}
time=[0e+00, 8.64e+04]
pvtCol.vol[3].T=[2.931499938964844e+02, 2.908443298339844e+02, 2.889145812988281e+02, 2.878880004882812e+02, 2.88071533203125e+02, 2.885896911621094e+02, 2.889393920898438e+02, 2.88883056640625e+02, 2.886331481933594e+02, 2.885790100097656e+02, 2.88654052734375e+02, 2.887108459472656e+02, 2.886768188476562e+02, 2.885086669921875e+02, 2.881555786132812e+02, 2.875672302246094e+02, 2.866827697753906e+02, 2.8514306640625e+02, 2.830084838867188e+02, 2.819347229003906e+02, 2.817930908203125e+02, 2.817915649414062e+02, 2.818730773925781e+02, 2.820622863769531e+02, 2.820338745117188e+02, 2.820076599121094e+02, 2.82096923828125e+02, 2.821880187988281e+02, 2.822071228027344e+02, 2.822509765625e+02, 2.822429504394531e+02, 2.821823425292969e+02, 2.821335144042969e+02, 2.823331604003906e+02, 2.827658996582031e+02, 2.839146728515625e+02, 2.87504638671875e+02, 2.928119506835938e+02, 2.960174865722656e+02, 2.974457702636719e+02, 2.983226318359375e+02, 2.99036376953125e+02, 2.996732788085938e+02, 3.001884155273438e+02, 3.005504760742188e+02, 3.008914184570312e+02, 3.013179321289062e+02, 3.018124389648438e+02, 3.025585021972656e+02, 3.037561645507812e+02, 3.05758056640625e+02, 3.068029479980469e+02, 2.975048522949219e+02, 2.910580444335938e+02, 2.89125e+02, 2.884346618652344e+02, 2.880401306152344e+02, 2.877771301269531e+02, 2.876753234863281e+02, 2.876766357421875e+02, 2.8776708984375e+02, 2.878413391113281e+02, 2.878406372070312e+02, 2.877513732910156e+02, 2.876524963378906e+02, 2.876233825683594e+02, 2.875816345214844e+02, 2.88076904296875e+02, 2.888409118652344e+02, 2.886876220703125e+02, 2.883958435058594e+02, 2.884528503417969e+02, 2.887199096679688e+02, 2.890072021484375e+02, 2.892742614746094e+02, 2.894752502441406e+02, 2.895610656738281e+02, 2.895443420410156e+02, 2.894549255371094e+02, 2.893013916015625e+02, 2.890847473144531e+02, 2.888225402832031e+02, 2.884971923828125e+02, 2.878504333496094e+02, 2.863362731933594e+02, 2.839855346679688e+02, 2.826865234375e+02, 2.82449951171875e+02, 2.824544982910156e+02, 2.825101928710938e+02, 2.82572509765625e+02, 2.826119079589844e+02, 2.826139831542969e+02, 2.825810241699219e+02, 2.825299987792969e+02, 2.824440307617188e+02, 2.823382263183594e+02, 2.822047729492188e+02, 2.820130004882812e+02, 2.81716796875e+02, 2.811714172363281e+02]
pvtCol.vol[6].T=[2.931499938964844e+02, 2.908687133789062e+02, 2.895747375488281e+02, 2.897185668945312e+02, 2.901953735351562e+02, 2.904969787597656e+02, 2.906557922363281e+02, 2.904934692382812e+02, 2.903195495605469e+02, 2.903482971191406e+02, 2.904174499511719e+02, 2.904465637207031e+02, 2.904014587402344e+02, 2.902521057128906e+02, 2.899524536132812e+02, 2.8944775390625e+02, 2.886333923339844e+02, 2.868927307128906e+02, 2.843132934570312e+02, 2.821557922363281e+02, 2.8097216796875e+02, 2.8069189453125e+02, 2.807410583496094e+02, 2.80989013671875e+02, 2.810800170898438e+02, 2.810360717773438e+02, 2.8111962890625e+02, 2.812929077148438e+02, 2.813610534667969e+02, 2.814320983886719e+02, 2.81455810546875e+02, 2.813972473144531e+02, 2.813338317871094e+02, 2.815568542480469e+02, 2.821625366210938e+02, 2.856463623046875e+02, 2.915352783203125e+02, 2.944111328125e+02, 2.954196166992188e+02, 2.959876708984375e+02, 2.964418640136719e+02, 2.968432312011719e+02, 2.972130126953125e+02, 2.975049133300781e+02, 2.977171020507812e+02, 2.97950927734375e+02, 2.982595520019531e+02, 2.986233215332031e+02, 2.992442626953125e+02, 3.003209838867188e+02, 3.023961486816406e+02, 3.068772888183594e+02, 3.087218627929688e+02, 3.025640563964844e+02, 2.962528686523438e+02, 2.936585693359375e+02, 2.926292419433594e+02, 2.920277099609375e+02, 2.917506408691406e+02, 2.917052001953125e+02, 2.91816650390625e+02, 2.919492797851562e+02, 2.919715270996094e+02, 2.918233642578125e+02, 2.915501098632812e+02, 2.9126123046875e+02, 2.908780822753906e+02, 2.907398681640625e+02, 2.906673583984375e+02, 2.900855407714844e+02, 2.900273132324219e+02, 2.902411193847656e+02, 2.904451293945312e+02, 2.906400146484375e+02, 2.908146362304688e+02, 2.909307250976562e+02, 2.909605407714844e+02, 2.909314575195312e+02, 2.908586120605469e+02, 2.907406311035156e+02, 2.905759582519531e+02, 2.903795471191406e+02, 2.901184997558594e+02, 2.894483947753906e+02, 2.876928405761719e+02, 2.855970153808594e+02, 2.834845275878906e+02, 2.822045288085938e+02, 2.8188916015625e+02, 2.819177551269531e+02, 2.820224914550781e+02, 2.821156921386719e+02, 2.821451416015625e+02, 2.820991516113281e+02, 2.820165710449219e+02, 2.818895568847656e+02, 2.817216796875e+02, 2.815180053710938e+02, 2.812540283203125e+02, 2.80892333984375e+02, 2.803589477539062e+02]
pvtCol.vol[9].T=[2.931499938964844e+02, 2.91909912109375e+02, 2.920855102539062e+02, 2.922944030761719e+02, 2.924087219238281e+02, 2.924664306640625e+02, 2.924895935058594e+02, 2.924105529785156e+02, 2.923802490234375e+02, 2.924033508300781e+02, 2.924231262207031e+02, 2.924265441894531e+02, 2.924046020507812e+02, 2.92346435546875e+02, 2.922307434082031e+02, 2.920284729003906e+02, 2.916326904296875e+02, 2.897899475097656e+02, 2.862103576660156e+02, 2.833201293945312e+02, 2.811515808105469e+02, 2.800490112304688e+02, 2.7982470703125e+02, 2.800093994140625e+02, 2.801861877441406e+02, 2.802085876464844e+02, 2.802679748535156e+02, 2.804485473632812e+02, 2.805890808105469e+02, 2.806910705566406e+02, 2.807461547851562e+02, 2.807190856933594e+02, 2.806771545410156e+02, 2.809320068359375e+02, 2.869249572753907e+02, 2.923125e+02, 2.9340283203125e+02, 2.93669677734375e+02, 2.938261108398438e+02, 2.939523315429688e+02, 2.940615844726562e+02, 2.941627807617188e+02, 2.942572021484375e+02, 2.94328125e+02, 2.943873901367188e+02, 2.944616394042969e+02, 2.94560791015625e+02, 2.946871032714844e+02, 2.949343566894531e+02, 2.954235229492188e+02, 2.96930419921875e+02, 3.030616149902344e+02, 3.085572509765625e+02, 3.100867919921875e+02, 3.05018310546875e+02, 2.996803894042968e+02, 2.971645812988281e+02, 2.960085144042969e+02, 2.954767456054688e+02, 2.953247680664062e+02, 2.954050598144531e+02, 2.955549926757812e+02, 2.955975646972656e+02, 2.954170532226562e+02, 2.949907531738281e+02, 2.944071655273438e+02, 2.936185302734375e+02, 2.928282165527344e+02, 2.923154296875e+02, 2.92202880859375e+02, 2.922985229492188e+02, 2.923713989257812e+02, 2.924291687011719e+02, 2.924866333007812e+02, 2.925345153808594e+02, 2.925608215332031e+02, 2.925618286132812e+02, 2.925494384765625e+02, 2.925239868164062e+02, 2.924841003417969e+02, 2.924289245605469e+02, 2.923638916015625e+02, 2.922557983398438e+02, 2.918241882324219e+02, 2.896124267578125e+02, 2.869190673828125e+02, 2.846702880859375e+02, 2.827572631835938e+02, 2.81685791015625e+02, 2.814371032714844e+02, 2.815106506347656e+02, 2.816482238769531e+02, 2.8171875e+02, 2.816826477050781e+02, 2.815825500488281e+02, 2.814370727539062e+02, 2.812402954101562e+02, 2.809995422363281e+02, 2.807059936523438e+02, 2.803363037109375e+02, 2.798472290039062e+02]
pvtCol.m_flow=[0e+00, -2.155720628798008e-02, -3.021528758108616e-02, -3.645369410514832e-02, -4.120320454239845e-02, -4.479279369115829e-02, -4.737095534801483e-02, -4.90114763379097e-02, -4.975084215402603e-02, -4.960326850414276e-02, -4.856601729989052e-02, -4.661840572953224e-02, -4.371388256549835e-02, -3.975974023342133e-02, -3.456542268395423e-02, -2.768347039818764e-02, -1.763041131198406e-02, 1.247890200465921e-02, 2.483467012643814e-02, 3.249537944793701e-02, 3.818024322390556e-02, 4.251907020807266e-02, 4.575988277792931e-02, 4.801961034536362e-02, 4.935698211193085e-02, 4.980000108480453e-02, 4.935698211193085e-02, 4.801961034536362e-02, 4.575988277792929e-02, 4.251907020807266e-02, 3.818024322390556e-02, 3.249537944793701e-02, 2.483467012643814e-02, 1.247890200465918e-02, -1.763041131198411e-02, -2.76834703981876e-02, -3.456542268395424e-02, -3.975974023342133e-02, -4.371388256549835e-02, -4.661840572953224e-02, -4.856601729989052e-02, -4.960326850414276e-02, -4.975084215402603e-02, -4.90114763379097e-02, -4.737095534801483e-02, -4.479279369115829e-02, -4.120320454239845e-02, -3.645369410514832e-02, -3.021528758108616e-02, -2.155720628798008e-02, -2.717570215389454e-16, 2.155720628798008e-02, 3.021528758108616e-02, 3.645369410514832e-02, 4.120320454239845e-02, 4.479279369115832e-02, 4.737095534801485e-02, 4.901147633790968e-02, 4.975084215402603e-02, 4.960326850414276e-02, 4.856601729989052e-02, 4.661840572953224e-02, 4.371388256549835e-02, 3.975974023342133e-02, 3.456542268395424e-02, 2.768347039818764e-02, 1.763041131198406e-02, -1.247890200465918e-02, -2.483467012643821e-02, -3.249537944793696e-02, -3.818024322390552e-02, -4.251907020807266e-02, -4.575988277792931e-02, -4.801961034536362e-02, -4.935698211193085e-02, -4.980000108480453e-02, -4.935698211193085e-02, -4.801961034536362e-02, -4.575988277792931e-02, -4.251907020807266e-02, -3.818024322390556e-02, -3.249537944793701e-02, -2.483467012643814e-02, -1.247890200465918e-02, 1.763041131198406e-02, 2.768347039818764e-02, 3.456542268395424e-02, 3.975974023342133e-02, 4.371388256549835e-02, 4.661840572953224e-02, 4.856601729989052e-02, 4.960326850414276e-02, 4.975084215402603e-02, 4.90114763379097e-02, 4.737095534801483e-02, 4.479279369115829e-02, 4.120320454239845e-02, 3.645369410514832e-02, 3.021528758108616e-02, 2.155720628798008e-02, 5.095444220029675e-16]
