within IDEAS.Occupants.Stochastic.Data.Residential.Occupancy;
record DomesticThree =
        IDEAS.Occupants.Stochastic.Data.BaseClasses.Occupance (
    n=3,
    period=86400,
    s=144,
    Twd={{{0.980694980694981,0.0193050193050193,0,0},{0.246153846153846,
        0.746153846153846,0.00769230769230769,0},{0.1,0.233333333333333,
        0.633333333333333,0.0333333333333333},{0,0.111111111111111,
        0.444444444444444,0.444444444444444}},{{0.998158379373849,
        0.00184162062615101,0,0},{0.173913043478261,0.817391304347826,
        0.00869565217391304,0},{0,0.291666666666667,0.708333333333333,0},{0,0,
        0.2,0.8}},{{0.991103202846975,0.00889679715302491,0,0},{
        0.186274509803922,0.794117647058823,0.0196078431372549,0},{
        0.105263157894737,0.210526315789474,0.684210526315789,0},{0,0,0.25,0.75}},
        {{0.991349480968858,0.00865051903114187,0,0},{0.144444444444444,
        0.855555555555556,0,0},{0.125,0.25,0.625,0},{0,0,0.666666666666667,
        0.333333333333333}},{{0.994897959183674,0.00170068027210884,
        0.00340136054421769,0},{0.186046511627907,0.802325581395349,
        0.0116279069767442,0},{0.0833333333333333,0.333333333333333,
        0.583333333333333,0},{0,0,0,1}},{{0.993355481727575,0.00664451827242525,
        0,0},{0.405405405405405,0.567567567567568,0.027027027027027,0},{0.1,0.5,
        0.4,0},{0,0,1,0}},{{0.990461049284579,0.0095389507154213,0,0},{
        0.196078431372549,0.803921568627451,0,0},{0,0.428571428571429,
        0.571428571428571,0},{0,0,0,0}},{{0.995260663507109,0.004739336492891,0,
        0},{0.32,0.64,0.04,0},{0,0.25,0.75,0},{0,0,0,0}},{{0.998452012383901,0,
        0.00154798761609907,0},{0.138888888888889,0.861111111111111,0,0},{0.2,0,
        0.8,0},{0,0,0,0}},{{0.998463901689708,0.00153609831029186,0,0},{
        0.225806451612903,0.774193548387097,0,0},{0.2,0,0.8,0},{0,0,0,0}},{{
        0.992401215805471,0.00759878419452888,0,0},{0.04,0.96,0,0},{0,0.25,0.75,
        0},{0,0,0,0}},{{0.996941896024465,0.00305810397553517,0,0},{0.3,0.7,0,0},
        {0,0.333333333333333,0.666666666666667,0},{0,0,0,0}},{{
        0.996974281391831,0.00302571860816944,0,0},{0.166666666666667,
        0.833333333333333,0,0},{0,1,0,0},{0,0,0,0}},{{0.992458521870287,
        0.00754147812971342,0,0},{0,1,0,0},{0,0,0,0},{0,0,0,0}},{{
        0.996960486322188,0.00303951367781155,0,0},{0.206896551724138,
        0.793103448275862,0,0},{0,0,0,0},{0,0,0,0}},{{0.998489425981873,
        0.00151057401812689,0,0},{0.28,0.72,0,0},{0,0,0,0},{0,0,0,0}},{{
        0.991017964071856,0.00748502994011976,0.00149700598802395,0},{
        0.210526315789474,0.736842105263158,0.0526315789473684,0},{0,0,0,0},{0,
        0,0,0}},{{0.992492492492493,0.00750750750750751,0,0},{
        0.0526315789473684,0.947368421052632,0,0},{0,0.5,0.5,0},{0,0,0,0}},{{1,
        0,0,0},{0.125,0.875,0,0},{1,0,0,0},{0,0,0,0}},{{0.992492492492493,
        0.00750750750750751,0,0},{0.238095238095238,0.761904761904762,0,0},{0,0,
        0,0},{0,0,0,0}},{{0.996996996996997,0.003003003003003,0,0},{
        0.142857142857143,0.80952380952381,0.0476190476190476,0},{0,0,0,0},{0,0,
        0,0}},{{0.99400299850075,0.00599700149925037,0,0},{0.157894736842105,
        0.842105263157895,0,0},{0,1,0,0},{0,0,0,0}},{{0.998498498498498,0,
        0.0015015015015015,0},{0.285714285714286,0.714285714285714,0,0},{0,0,0,
        0},{0,0,0,0}},{{0.979135618479881,0.0193740685543964,0.0014903129657228,
        0},{0.8,0.133333333333333,0.0666666666666667,0},{1,0,0,0},{0,0,0,0}},{{
        0.995522388059702,0.00447761194029851,0,0},{0.133333333333333,
        0.866666666666667,0,0},{0.5,0,0.5,0},{0,0,0,0}},{{0.991044776119403,
        0.00895522388059702,0,0},{0.1875,0.8125,0,0},{0,1,0,0},{0,0,0,0}},{{
        0.991004497751124,0.00899550224887556,0,0},{0.2,0.75,0.05,0},{0,0,0,0},
        {0,0,0,0}},{{0.992481203007519,0.0075187969924812,0,0},{
        0.333333333333333,0.666666666666667,0,0},{0,1,0,0},{0,0,0,0}},{{
        0.982008995502249,0.0164917541229385,0.00149925037481259,0},{0.3,0.65,
        0.05,0},{0,0,0,0},{0,0,0,0}},{{0.97428139183056,0.0211800302571861,
        0.00453857791225416,0},{0.125,0.833333333333333,0.0416666666666667,0},{
        0,1,0,0},{0,0,0,0}},{{0.979907264296754,0.0200927357032458,0,0},{0.25,
        0.694444444444444,0.0555555555555556,0},{0.25,0,0.75,0},{0,0,0,0}},{{
        0.978260869565217,0.0217391304347826,0,0},{0.184210526315789,
        0.763157894736842,0.0526315789473684,0},{0,0.2,0.8,0},{0,0,0,0}},{{
        0.973312401883831,0.0266875981161695,0,0},{0.25,0.681818181818182,
        0.0681818181818182,0},{0,0.333333333333333,0.666666666666667,0},{0,0,0,
        0}},{{0.973058637083994,0.0237717908082409,0.00316957210776545,0},{
        0.102040816326531,0.836734693877551,0.0612244897959184,0},{0,
        0.285714285714286,0.428571428571429,0.285714285714286},{0,0,0,0}},{{
        0.956381260096931,0.0436187399030695,0,0},{0.189655172413793,
        0.775862068965517,0.0344827586206897,0},{0.125,0.125,0.75,0},{0,0,0,1}},
        {{0.905629139072848,0.0860927152317881,0.00827814569536424,0},{
        0.164383561643836,0.73972602739726,0.0958904109589041,0},{0,0.125,0.875,
        0},{0,0,0.5,0.5}},{{0.935599284436494,0.0590339892665474,
        0.00536672629695885,0},{0.121495327102804,0.794392523364486,
        0.0841121495327103,0},{0.05,0.15,0.8,0},{0,0,0,1}},{{0.932960893854749,
        0.0633147113594041,0.0037243947858473,0},{0.115702479338843,
        0.793388429752066,0.0826446280991736,0.00826446280991736},{0,
        0.142857142857143,0.75,0.107142857142857},{0,0,0,1}},{{
        0.866019417475728,0.112621359223301,0.0155339805825243,
        0.0058252427184466},{0.104477611940299,0.746268656716418,
        0.141791044776119,0.00746268656716418},{0.0606060606060606,
        0.151515151515152,0.757575757575758,0.0303030303030303},{0,0,0.4,0.6}},
        {{0.887445887445887,0.108225108225108,0.00432900432900433,0},{
        0.0429447852760736,0.809815950920245,0.128834355828221,
        0.0184049079754601},{0.0555555555555556,0.0925925925925926,
        0.796296296296296,0.0555555555555556},{0,0,0,1}},{{0.876190476190476,
        0.10952380952381,0.0119047619047619,0.00238095238095238},{
        0.0748663101604278,0.759358288770054,0.160427807486631,
        0.0053475935828877},{0.0454545454545455,0.181818181818182,
        0.666666666666667,0.106060606060606},{0,0,0.285714285714286,
        0.714285714285714}},{{0.690909090909091,0.220779220779221,
        0.0727272727272727,0.0155844155844156},{0.135,0.585,0.235,0.045},{
        0.0120481927710843,0.108433734939759,0.662650602409639,
        0.216867469879518},{0.0526315789473684,0.0526315789473684,
        0.105263157894737,0.789473684210526}},{{0.779661016949153,
        0.189830508474576,0.0305084745762712,0},{0.0566037735849057,
        0.745283018867924,0.183962264150943,0.0141509433962264},{
        0.00757575757575758,0.113636363636364,0.810606060606061,
        0.0681818181818182},{0,0.0208333333333333,0.104166666666667,0.875}},{{
        0.851851851851852,0.127572016460905,0.0205761316872428,0},{
        0.0347826086956522,0.743478260869565,0.2,0.0217391304347826},{0,0.1375,
        0.7625,0.1},{0,0.0185185185185185,0.111111111111111,0.87037037037037}},
        {{0.748837209302326,0.218604651162791,0.0325581395348837,0},{
        0.0711111111111111,0.662222222222222,0.248888888888889,
        0.0177777777777778},{0.0223463687150838,0.0893854748603352,
        0.737430167597765,0.150837988826816},{0.0294117647058824,
        0.0441176470588235,0.161764705882353,0.764705882352941}},{{
        0.846994535519126,0.120218579234973,0.0218579234972678,
        0.0109289617486339},{0.0883720930232558,0.725581395348837,
        0.167441860465116,0.0186046511627907},{0.00970873786407767,
        0.0970873786407767,0.815533980582524,0.0776699029126214},{
        0.0120481927710843,0.0481927710843374,0.156626506024096,
        0.783132530120482}},{{0.887005649717514,0.096045197740113,
        0.0169491525423729,0},{0.118811881188119,0.707920792079208,
        0.163366336633663,0.0099009900990099},{0.0361990950226244,
        0.153846153846154,0.728506787330317,0.081447963800905},{0,
        0.0574712643678161,0.206896551724138,0.735632183908046}},{{
        0.740740740740741,0.232804232804233,0.0264550264550265,0},{
        0.085427135678392,0.738693467336683,0.155778894472362,
        0.0201005025125628},{0.0232558139534884,0.162790697674419,
        0.711627906976744,0.102325581395349},{0.0119047619047619,
        0.0833333333333333,0.214285714285714,0.69047619047619}},{{
        0.889570552147239,0.0858895705521472,0.0245398773006135,0},{
        0.133047210300429,0.781115879828326,0.0729613733905579,
        0.0128755364806867},{0.0531400966183575,0.14975845410628,
        0.748792270531401,0.0483091787439614},{0,0.0595238095238095,
        0.202380952380952,0.738095238095238}},{{0.93048128342246,
        0.0695187165775401,0,0},{0.168103448275862,0.75,0.0818965517241379,0},{
        0.0932642487046632,0.196891191709845,0.694300518134715,
        0.0155440414507772},{0.0133333333333333,0.0533333333333333,0.24,
        0.693333333333333}},{{0.896551724137931,0.0991379310344828,
        0.00431034482758621,0},{0.187772925764192,0.74235807860262,
        0.0698689956331878,0},{0.105263157894737,0.222222222222222,
        0.637426900584795,0.0350877192982456},{0.0909090909090909,
        0.181818181818182,0.345454545454545,0.381818181818182}},{{
        0.945255474452555,0.0547445255474453,0,0},{0.199170124481328,
        0.738589211618257,0.0497925311203319,0.012448132780083},{
        0.137931034482759,0.186206896551724,0.63448275862069,0.0413793103448276},
        {0.111111111111111,0.0740740740740741,0.222222222222222,
        0.592592592592593}},{{0.936363636363636,0.0636363636363636,0,0},{
        0.198198198198198,0.752252252252252,0.0495495495495496,0},{
        0.136363636363636,0.245454545454545,0.590909090909091,
        0.0272727272727273},{0,0.2,0.24,0.56}},{{0.861413043478261,
        0.116847826086957,0.0217391304347826,0},{0.0863636363636364,
        0.827272727272727,0.0863636363636364,0},{0.0121951219512195,
        0.134146341463415,0.841463414634146,0.0121951219512195},{0,0,
        0.0588235294117647,0.941176470588235}},{{0.884272997032641,
        0.103857566765579,0.0118694362017804,0},{0.0847457627118644,
        0.855932203389831,0.0593220338983051,0},{0.0103092783505155,
        0.0515463917525773,0.876288659793814,0.0618556701030928},{0,0,
        0.0588235294117647,0.941176470588235}},{{0.940438871473354,
        0.0595611285266458,0,0},{0.0743801652892562,0.871900826446281,
        0.0537190082644628,0},{0.0288461538461538,0.125,0.817307692307692,
        0.0288461538461538},{0,0.0454545454545455,0.136363636363636,
        0.818181818181818}},{{0.928348909657321,0.0716510903426791,0,0},{
        0.0860655737704918,0.877049180327869,0.0368852459016393,0},{0,
        0.138613861386139,0.861386138613861,0},{0,0,0.0476190476190476,
        0.952380952380952}},{{0.978056426332288,0.0219435736677116,0,0},{
        0.0677290836653386,0.892430278884462,0.0398406374501992,0},{
        0.0206185567010309,0.0515463917525773,0.927835051546392,0},{0,0,0.15,
        0.85}},{{0.966767371601209,0.0332326283987915,0,0},{0.105932203389831,
        0.86864406779661,0.0254237288135593,0},{0.029126213592233,
        0.0485436893203883,0.87378640776699,0.0485436893203883},{0,
        0.0588235294117647,0.235294117647059,0.705882352941177}},{{
        0.890804597701149,0.0890804597701149,0.0172413793103448,
        0.0028735632183908},{0.130630630630631,0.774774774774775,
        0.0945945945945946,0},{0.04,0.17,0.76,0.03},{0,0,0.235294117647059,
        0.764705882352941}},{{0.970845481049563,0.0262390670553936,
        0.00291545189504373,0},{0.0545454545454545,0.909090909090909,
        0.0363636363636364,0},{0.0280373831775701,0.0467289719626168,
        0.878504672897196,0.0467289719626168},{0,0,0.117647058823529,
        0.882352941176471}},{{0.968390804597701,0.0258620689655172,
        0.00574712643678161,0},{0.0327102803738318,0.94392523364486,
        0.0233644859813084,0},{0.00952380952380952,0.0476190476190476,
        0.923809523809524,0.019047619047619},{0,0,0.05,0.95}},{{
        0.982608695652174,0.0144927536231884,0.00289855072463768,0},{
        0.0740740740740741,0.865740740740741,0.0555555555555556,
        0.00462962962962963},{0.0285714285714286,0.0476190476190476,
        0.904761904761905,0.019047619047619},{0.0476190476190476,0,
        0.285714285714286,0.666666666666667}},{{0.966573816155989,
        0.0334261838440111,0,0},{0.0862944162436548,0.878172588832487,
        0.0355329949238579,0},{0.0175438596491228,0.114035087719298,
        0.833333333333333,0.0350877192982456},{0,0,0.0588235294117647,
        0.941176470588235}},{{0.972677595628415,0.0218579234972678,
        0.00546448087431694,0},{0.0353535353535354,0.934343434343434,
        0.0303030303030303,0},{0.0388349514563107,0.0485436893203883,
        0.883495145631068,0.029126213592233},{0,0,0.15,0.85}},{{
        0.967302452316076,0.0299727520435967,0.00272479564032698,0},{
        0.0808080808080808,0.883838383838384,0.0353535353535354,0},{
        0.0294117647058824,0.0882352941176471,0.852941176470588,
        0.0294117647058824},{0.05,0,0.15,0.8}},{{0.965333333333333,0.032,
        0.00266666666666667,0},{0.0461538461538462,0.928205128205128,
        0.0256410256410256,0},{0,0.0306122448979592,0.938775510204082,
        0.0306122448979592},{0,0,0.105263157894737,0.894736842105263}},{{
        0.970350404312669,0.0269541778975741,0.00269541778975741,0},{
        0.0357142857142857,0.954081632653061,0.0102040816326531,0},{0.01,0.12,
        0.85,0.02},{0,0,0.1,0.9}},{{0.970108695652174,0.0298913043478261,0,0},{
        0.0478468899521531,0.91866028708134,0.0287081339712919,
        0.00478468899521531},{0,0.0777777777777778,0.888888888888889,
        0.0333333333333333},{0,0,0,1}},{{0.975476839237057,0.0190735694822888,
        0.00544959128065395,0},{0.0666666666666667,0.9,0.0333333333333333,0},{0,
        0.0813953488372093,0.895348837209302,0.0232558139534884},{0,0,0.125,
        0.875}},{{0.970430107526882,0.0295698924731183,0,0},{0.0689655172413793,
        0.901477832512315,0.0246305418719212,0.00492610837438424},{0,
        0.0337078651685393,0.955056179775281,0.0112359550561798},{0,0,
        0.173913043478261,0.826086956521739}},{{0.925333333333333,0.072,
        0.00266666666666667,0},{0.065989847715736,0.888324873096447,
        0.0456852791878173,0},{0.0106382978723404,0.0638297872340425,
        0.882978723404255,0.0425531914893617},{0,0.0476190476190476,
        0.19047619047619,0.761904761904762}},{{0.950138504155125,
        0.038781163434903,0.0110803324099723,0},{0.0239234449760766,
        0.91866028708134,0.0574162679425837,0},{0.0103092783505155,
        0.0412371134020619,0.917525773195876,0.0309278350515464},{0,0.05,0,0.95}},
        {{0.945558739255014,0.0458452722063037,0.00859598853868195,0},{
        0.042654028436019,0.909952606635071,0.0473933649289099,0},{
        0.00952380952380952,0.0666666666666667,0.876190476190476,
        0.0476190476190476},{0.0454545454545455,0.0454545454545455,0,
        0.909090909090909}},{{0.947214076246334,0.0498533724340176,
        0.00293255131964809,0},{0.0740740740740741,0.893518518518518,
        0.0324074074074074,0},{0.0285714285714286,0.0571428571428571,
        0.857142857142857,0.0571428571428571},{0,0.04,0.08,0.88}},{{
        0.947368421052632,0.0497076023391813,0.00292397660818713,0},{
        0.0276497695852535,0.935483870967742,0.032258064516129,
        0.00460829493087558},{0.01,0.06,0.9,0.03},{0,0,0.107142857142857,
        0.892857142857143}},{{0.95166163141994,0.0483383685800604,0,0},{
        0.0442477876106195,0.924778761061947,0.0265486725663717,
        0.00442477876106195},{0.0297029702970297,0.0792079207920792,
        0.871287128712871,0.0198019801980198},{0,0.0689655172413793,
        0.103448275862069,0.827586206896552}},{{0.884146341463415,
        0.109756097560976,0.00609756097560976,0},{0.119148936170213,
        0.791489361702128,0.0765957446808511,0.0127659574468085},{
        0.0309278350515464,0.154639175257732,0.793814432989691,
        0.0206185567010309},{0,0.111111111111111,0.185185185185185,
        0.703703703703704}},{{0.94392523364486,0.0529595015576324,
        0.00311526479750779,0},{0.0458333333333333,0.916666666666667,
        0.0333333333333333,0.00416666666666667},{0.00980392156862745,
        0.0588235294117647,0.931372549019608,0},{0,0,0,1}},{{0.958730158730159,
        0.0412698412698413,0,0},{0.0493827160493827,0.909465020576132,
        0.037037037037037,0.00411522633744856},{0,0.0673076923076923,
        0.923076923076923,0.00961538461538462},{0,0.04,0.08,0.88}},{{
        0.945859872611465,0.0509554140127389,0.00318471337579618,0},{
        0.0702479338842975,0.917355371900827,0.012396694214876,0},{
        0.0186915887850467,0.0841121495327103,0.878504672897196,
        0.0186915887850467},{0,0,0.25,0.75}},{{0.958860759493671,
        0.0379746835443038,0.00316455696202532,0},{0.0445344129554656,
        0.927125506072874,0.0283400809716599,0},{0.0192307692307692,
        0.153846153846154,0.826923076923077,0},{0,0.05,0.1,0.85}},{{
        0.965189873417722,0.0221518987341772,0.00632911392405063,
        0.00632911392405063},{0.108527131782946,0.868217054263566,
        0.0232558139534884,0},{0.0416666666666667,0.104166666666667,
        0.833333333333333,0.0208333333333333},{0,0.176470588235294,
        0.0588235294117647,0.764705882352941}},{{0.943620178041543,
        0.0504451038575668,0.0029673590504451,0.0029673590504451},{
        0.110655737704918,0.860655737704918,0.0286885245901639,0},{
        0.0337078651685393,0.0898876404494382,0.876404494382023,0},{0,0,
        0.176470588235294,0.823529411764706}},{{0.951149425287356,
        0.0488505747126437,0,0},{0.0340425531914894,0.936170212765957,
        0.0297872340425532,0},{0.0224719101123596,0.0674157303370787,
        0.887640449438202,0.0224719101123596},{0,0,0.0666666666666667,
        0.933333333333333}},{{0.953079178885631,0.0439882697947214,
        0.00293255131964809,0},{0.0740740740740741,0.88477366255144,
        0.037037037037037,0.00411522633744856},{0,0.0459770114942529,
        0.954022988505747,0},{0,0,0.125,0.875}},{{0.944606413994169,
        0.0524781341107872,0.00291545189504373,0},{0.047008547008547,
        0.91025641025641,0.0427350427350427,0},{0.0105263157894737,
        0.0421052631578947,0.926315789473684,0.0210526315789474},{0,0,
        0.133333333333333,0.866666666666667}},{{0.93452380952381,0.0625,
        0.00297619047619048,0},{0.0680851063829787,0.885106382978723,
        0.0425531914893617,0.00425531914893617},{0.0099009900990099,
        0.0693069306930693,0.871287128712871,0.0495049504950495},{0,0,0.2,0.8}},
        {{0.948640483383686,0.0513595166163142,0,0},{0.11864406779661,
        0.847457627118644,0.0338983050847458,0},{0.00980392156862745,
        0.0686274509803922,0.901960784313726,0.0196078431372549},{0,
        0.111111111111111,0.222222222222222,0.666666666666667}},{{
        0.927113702623907,0.0641399416909621,0.0087463556851312,0},{
        0.115044247787611,0.809734513274336,0.0707964601769911,
        0.00442477876106195},{0.0288461538461538,0.144230769230769,
        0.759615384615385,0.0673076923076923},{0.0714285714285714,0,
        0.285714285714286,0.642857142857143}},{{0.919540229885057,
        0.0775862068965517,0.0028735632183908,0},{0.0818181818181818,
        0.877272727272727,0.0409090909090909,0},{0,0.0392156862745098,
        0.92156862745098,0.0392156862745098},{0,0,0.235294117647059,
        0.764705882352941}},{{0.917159763313609,0.0710059171597633,
        0.0118343195266272,0},{0.0491071428571429,0.883928571428571,
        0.0580357142857143,0.00892857142857143},{0,0.0925925925925926,
        0.851851851851852,0.0555555555555556},{0,0,0.176470588235294,
        0.823529411764706}},{{0.869158878504673,0.0841121495327103,
        0.0467289719626168,0},{0.0603448275862069,0.823275862068966,
        0.112068965517241,0.00431034482758621},{0.00892857142857143,
        0.0714285714285714,0.866071428571429,0.0535714285714286},{0,
        0.0454545454545455,0.0454545454545455,0.909090909090909}},{{
        0.908163265306122,0.0816326530612245,0.0102040816326531,0},{
        0.039647577092511,0.845814977973568,0.101321585903084,0.013215859030837},
        {0.00719424460431655,0.0287769784172662,0.899280575539568,
        0.0647482014388489},{0,0,0.185185185185185,0.814814814814815}},{{
        0.888086642599278,0.0938628158844765,0.0144404332129964,
        0.0036101083032491},{0.0409090909090909,0.863636363636364,
        0.0909090909090909,0.00454545454545455},{0.00641025641025641,
        0.0576923076923077,0.878205128205128,0.0576923076923077},{0,0,
        0.0882352941176471,0.911764705882353}},{{0.7734375,0.18359375,
        0.04296875,0},{0.0622222222222222,0.764444444444444,0.151111111111111,
        0.0222222222222222},{0.0182926829268293,0.0853658536585366,
        0.798780487804878,0.0975609756097561},{0,0.0714285714285714,
        0.261904761904762,0.666666666666667}},{{0.87906976744186,
        0.0976744186046512,0.0186046511627907,0.00465116279069767},{
        0.038135593220339,0.86864406779661,0.0889830508474576,
        0.00423728813559322},{0.0106951871657754,0.0267379679144385,
        0.893048128342246,0.0695187165775401},{0,0,0.122448979591837,
        0.877551020408163}},{{0.885,0.11,0.005,0},{0.025974025974026,
        0.826839826839827,0.134199134199134,0.012987012987013},{
        0.00505050505050505,0.0505050505050505,0.888888888888889,
        0.0555555555555556},{0,0,0.120689655172414,0.879310344827586}},{{
        0.847826086956522,0.108695652173913,0.0326086956521739,
        0.0108695652173913},{0.031390134529148,0.878923766816143,
        0.0896860986547085,0},{0.013953488372093,0.0697674418604651,
        0.837209302325581,0.0790697674418605},{0,0.0153846153846154,
        0.0923076923076923,0.892307692307692}},{{0.867469879518072,
        0.114457831325301,0.0180722891566265,0},{0.0258620689655172,
        0.831896551724138,0.129310344827586,0.0129310344827586},{
        0.00471698113207547,0.0518867924528302,0.900943396226415,
        0.0424528301886792},{0,0,0.038961038961039,0.961038961038961}},{{
        0.880794701986755,0.0794701986754967,0.0397350993377483,0},{
        0.0493273542600897,0.84304932735426,0.0852017937219731,
        0.0224215246636771},{0.013215859030837,0.0484581497797357,
        0.859030837004405,0.079295154185022},{0,0,0.127906976744186,
        0.872093023255814}},{{0.857142857142857,0.115646258503401,
        0.0272108843537415,0},{0.028436018957346,0.786729857819905,
        0.165876777251185,0.018957345971564},{0.00865800865800866,
        0.0476190476190476,0.831168831168831,0.112554112554113},{0,
        0.0102040816326531,0.0714285714285714,0.918367346938776}},{{
        0.902985074626866,0.082089552238806,0.0149253731343284,0},{
        0.0205128205128205,0.805128205128205,0.158974358974359,
        0.0153846153846154},{0.00840336134453781,0.046218487394958,
        0.857142857142857,0.0882352941176471},{0,0,0.05,0.95}},{{
        0.84251968503937,0.110236220472441,0.0393700787401575,
        0.0078740157480315},{0.0223463687150838,0.82122905027933,
        0.145251396648045,0.0111731843575419},{0.0123456790123457,
        0.0411522633744856,0.888888888888889,0.0576131687242798},{0,0,
        0.0869565217391304,0.91304347826087}},{{0.789473684210526,
        0.201754385964912,0,0.0087719298245614},{0.0233918128654971,
        0.783625730994152,0.16374269005848,0.0292397660818713},{
        0.00772200772200772,0.0193050193050193,0.884169884169884,
        0.0888030888030888},{0,0.013986013986014,0.125874125874126,
        0.86013986013986}},{{0.833333333333333,0.125,0.0416666666666667,0},{
        0.0365853658536585,0.823170731707317,0.115853658536585,
        0.024390243902439},{0.00363636363636364,0.0472727272727273,0.88,
        0.0690909090909091},{0.00657894736842105,0,0.0657894736842105,
        0.927631578947368}},{{0.863636363636364,0.125,0.0113636363636364,0},{
        0.0375,0.75625,0.175,0.03125},{0.00363636363636364,0.08,
        0.814545454545455,0.101818181818182},{0,0.0182926829268293,
        0.0914634146341463,0.890243902439024}},{{0.771084337349398,
        0.180722891566265,0.0481927710843374,0},{0.0318471337579618,
        0.757961783439491,0.203821656050955,0.00636942675159236},{0,
        0.0783582089552239,0.817164179104478,0.104477611940299},{0,
        0.00558659217877095,0.106145251396648,0.888268156424581}},{{
        0.826086956521739,0.144927536231884,0.0289855072463768,0},{
        0.0448717948717949,0.801282051282051,0.141025641025641,
        0.0128205128205128},{0.0072992700729927,0.0401459854014599,
        0.87956204379562,0.072992700729927},{0,0.0159574468085106,
        0.0478723404255319,0.936170212765957}},{{0.833333333333333,
        0.136363636363636,0.0151515151515152,0.0151515151515152},{
        0.0469798657718121,0.791946308724832,0.147651006711409,
        0.0134228187919463},{0.0182481751824818,0.0401459854014599,
        0.861313868613139,0.0802919708029197},{0,0.0151515151515152,
        0.101010101010101,0.883838383838384}},{{0.82089552238806,
        0.119402985074627,0.0298507462686567,0.0298507462686567},{
        0.0567375886524823,0.773049645390071,0.156028368794326,
        0.0141843971631206},{0.014336917562724,0.0860215053763441,
        0.802867383512545,0.0967741935483871},{0.01,0.015,0.075,0.9}},{{
        0.898550724637681,0.072463768115942,0.0144927536231884,
        0.0144927536231884},{0.0277777777777778,0.8125,0.159722222222222,0},{
        0.00380228136882129,0.0570342205323194,0.85171102661597,
        0.0874524714828897},{0,0.004739336492891,0.0853080568720379,
        0.909952606635071}},{{0.880597014925373,0.104477611940299,
        0.0149253731343284,0},{0.0507246376811594,0.847826086956522,
        0.0869565217391304,0.0144927536231884},{0.0075187969924812,
        0.075187969924812,0.853383458646617,0.0639097744360902},{
        0.00925925925925926,0.0138888888888889,0.101851851851852,0.875}},{{
        0.742857142857143,0.185714285714286,0.0428571428571429,
        0.0285714285714286},{0.115646258503401,0.761904761904762,
        0.102040816326531,0.0204081632653061},{0.0190839694656489,
        0.118320610687023,0.736641221374046,0.125954198473282},{
        0.00480769230769231,0,0.139423076923077,0.855769230769231}},{{
        0.853333333333333,0.133333333333333,0.0133333333333333,0},{
        0.032051282051282,0.865384615384615,0.0961538461538462,
        0.00641025641025641},{0.00416666666666667,0.0375,0.9,0.0583333333333333},
        {0.00462962962962963,0.00925925925925926,0.0509259259259259,
        0.935185185185185}},{{0.943661971830986,0.0422535211267606,
        0.0140845070422535,0},{0.032051282051282,0.852564102564103,
        0.108974358974359,0.00641025641025641},{0,0.0493827160493827,
        0.897119341563786,0.0534979423868313},{0,0,0.0737327188940092,
        0.926267281105991}},{{0.819444444444444,0.138888888888889,
        0.0138888888888889,0.0277777777777778},{0.0472972972972973,
        0.837837837837838,0.114864864864865,0},{0,0.0396825396825397,
        0.876984126984127,0.0833333333333333},{0,0.013953488372093,
        0.0511627906976744,0.934883720930233}},{{0.878787878787879,
        0.0909090909090909,0.0303030303030303,0},{0.0476190476190476,
        0.850340136054422,0.0816326530612245,0.0204081632653061},{0.004,0.044,
        0.912,0.04},{0,0.00446428571428571,0.0491071428571429,0.946428571428571}},
        {{0.878787878787879,0.0909090909090909,0.0303030303030303,0},{
        0.0559440559440559,0.874125874125874,0.0559440559440559,
        0.013986013986014},{0.00395256916996047,0.0395256916996047,
        0.924901185770751,0.0316205533596838},{0,0.00888888888888889,0.08,
        0.911111111111111}},{{0.880597014925373,0.0597014925373134,
        0.0447761194029851,0.0149253731343284},{0.0559440559440559,
        0.727272727272727,0.174825174825175,0.041958041958042},{0,
        0.103053435114504,0.812977099236641,0.083969465648855},{
        0.00465116279069767,0.013953488372093,0.12093023255814,0.86046511627907}},
        {{0.926470588235294,0.0441176470588235,0.0294117647058824,0},{
        0.0144927536231884,0.869565217391304,0.101449275362319,
        0.0144927536231884},{0,0.0374531835205993,0.883895131086142,
        0.0786516853932584},{0,0,0.0607476635514019,0.939252336448598}},{{
        0.876923076923077,0.0923076923076923,0.0307692307692308,0},{
        0.0300751879699248,0.879699248120301,0.0902255639097744,0},{
        0.0113207547169811,0.0452830188679245,0.89811320754717,
        0.0452830188679245},{0,0.0133928571428571,0.0892857142857143,
        0.897321428571429}},{{0.890625,0.09375,0.015625,0},{0.0507246376811594,
        0.833333333333333,0.0942028985507246,0.0217391304347826},{0,
        0.0551470588235294,0.886029411764706,0.0588235294117647},{
        0.00469483568075117,0,0.107981220657277,0.887323943661972}},{{
        0.892307692307692,0.0923076923076923,0,0.0153846153846154},{
        0.0441176470588235,0.875,0.0808823529411765,0},{0,0.0323741007194245,
        0.931654676258993,0.0359712230215827},{0,0,0.0384615384615385,
        0.961538461538462}},{{0.921875,0.03125,0.046875,0},{0.0149253731343284,
        0.865671641791045,0.111940298507463,0.00746268656716418},{0,
        0.0503597122302158,0.89568345323741,0.0539568345323741},{
        0.004739336492891,0.004739336492891,0.118483412322275,0.872037914691943}},
        {{0.887096774193548,0.0967741935483871,0.0161290322580645,0},{
        0.0601503759398496,0.781954887218045,0.12781954887218,
        0.0300751879699248},{0.00684931506849315,0.0787671232876712,
        0.849315068493151,0.0650684931506849},{0,0.01,0.145,0.845}},{{
        0.892307692307692,0.0769230769230769,0,0.0307692307692308},{
        0.0666666666666667,0.844444444444444,0.0814814814814815,
        0.00740740740740741},{0.00338983050847458,0.0542372881355932,
        0.905084745762712,0.0372881355932203},{0,0.015625,0.078125,0.90625}},{{
        0.838235294117647,0.117647058823529,0.0441176470588235,0},{
        0.0217391304347826,0.869565217391304,0.101449275362319,
        0.0072463768115942},{0,0.0511945392491468,0.89419795221843,
        0.0546075085324232},{0,0.0106382978723404,0.122340425531915,
        0.867021276595745}},{{0.816666666666667,0.166666666666667,
        0.0166666666666667,0},{0.0482758620689655,0.8,0.144827586206897,
        0.00689655172413793},{0.0033112582781457,0.0562913907284768,
        0.897350993377483,0.043046357615894},{0,0.0166666666666667,
        0.138888888888889,0.844444444444444}},{{0.894736842105263,
        0.0701754385964912,0.0350877192982456,0},{0.0547945205479452,
        0.863013698630137,0.0821917808219178,0},{0.00628930817610063,
        0.0471698113207547,0.924528301886792,0.0220125786163522},{0,0,
        0.072289156626506,0.927710843373494}},{{0.918032786885246,
        0.0819672131147541,0,0},{0.0758620689655172,0.868965517241379,
        0.0482758620689655,0.00689655172413793},{0.01875,0.115625,0.846875,
        0.01875},{0,0.0186335403726708,0.198757763975155,0.782608695652174}},{{
        0.808219178082192,0.150684931506849,0.0273972602739726,
        0.0136986301369863},{0.134502923976608,0.771929824561403,
        0.087719298245614,0.00584795321637427},{0.0419354838709677,
        0.17741935483871,0.748387096774194,0.032258064516129},{
        0.0225563909774436,0.0300751879699248,0.278195488721805,
        0.669172932330827}},{{0.928571428571429,0.0612244897959184,0,
        0.0102040816326531},{0.0742574257425743,0.871287128712871,
        0.0445544554455446,0.0099009900990099},{0.00699300699300699,
        0.048951048951049,0.923076923076923,0.020979020979021},{0,0,
        0.128712871287129,0.871287128712871}},{{0.953703703703704,
        0.0462962962962963,0,0},{0.0714285714285714,0.862244897959184,
        0.0561224489795918,0.0102040816326531},{0.013986013986014,
        0.0909090909090909,0.863636363636364,0.0314685314685315},{0,
        0.0103092783505155,0.123711340206186,0.865979381443299}},{{
        0.950413223140496,0.0495867768595041,0,0},{0.149253731343284,
        0.805970149253731,0.0447761194029851,0},{0.0185185185185185,
        0.218518518518519,0.725925925925926,0.037037037037037},{0,
        0.0631578947368421,0.210526315789474,0.726315789473684}},{{
        0.966666666666667,0.0333333333333333,0,0},{0.11587982832618,
        0.866952789699571,0.0171673819742489,0},{0.0177777777777778,
        0.133333333333333,0.844444444444444,0.00444444444444444},{0,0,
        0.151898734177215,0.848101265822785}},{{0.982954545454545,
        0.0170454545454545,0,0},{0.185654008438819,0.780590717299578,
        0.0253164556962025,0.00843881856540084},{0.0194174757281553,
        0.179611650485437,0.762135922330097,0.0388349514563107},{
        0.0147058823529412,0.0147058823529412,0.25,0.720588235294118}},{{
        0.968468468468468,0.0315315315315315,0,0},{0.247787610619469,
        0.716814159292035,0.0353982300884956,0},{0.0611111111111111,
        0.272222222222222,0.666666666666667,0},{0.0169491525423729,
        0.0847457627118644,0.152542372881356,0.745762711864407}},{{
        0.971731448763251,0.0247349823321555,0.00353356890459364,0},{
        0.161434977578475,0.807174887892377,0.031390134529148,0},{
        0.0364963503649635,0.145985401459854,0.795620437956204,
        0.0218978102189781},{0,0.0909090909090909,0.25,0.659090909090909}},{{
        0.990506329113924,0.00949367088607595,0,0},{0.165876777251185,
        0.815165876777251,0.018957345971564,0},{0.0625,0.2109375,0.71875,
        0.0078125},{0.03125,0.15625,0.1875,0.625}},{{0.963585434173669,
        0.0364145658263305,0,0},{0.236714975845411,0.753623188405797,
        0.00966183574879227,0},{0.0784313725490196,0.274509803921569,
        0.647058823529412,0},{0.0952380952380952,0.0476190476190476,
        0.285714285714286,0.571428571428571}},{{0.987593052109181,
        0.0124069478908189,0,0},{0.156565656565657,0.838383838383838,0,
        0.00505050505050505},{0.027027027027027,0.175675675675676,
        0.77027027027027,0.027027027027027},{0,0,0.416666666666667,
        0.583333333333333}},{{0.986078886310905,0.0116009280742459,
        0.00232018561484919,0},{0.244565217391304,0.717391304347826,
        0.0380434782608696,0},{0.0806451612903226,0.209677419354839,
        0.693548387096774,0.0161290322580645},{0,0.3,0,0.7}},{{
        0.976842105263158,0.0231578947368421,0,0},{0.333333333333333,
        0.666666666666667,0,0},{0.0588235294117647,0.333333333333333,
        0.568627450980392,0.0392156862745098},{0,0,0.125,0.875}}},
    Twe={{{0.982832618025751,0.0171673819742489,0,0},{0.268965517241379,
        0.710344827586207,0.0206896551724138,0},{0.0461538461538462,
        0.138461538461538,0.815384615384615,0},{0,0,0.307692307692308,
        0.692307692307692}},{{0.98,0.016,0.004,0},{0.183333333333333,
        0.808333333333333,0.00833333333333333,0},{0.183333333333333,
        0.116666666666667,0.65,0.05},{0,0,0.111111111111111,0.888888888888889}},
        {{0.980879541108987,0.0191204588910134,0,0},{0.241071428571429,
        0.741071428571429,0.0178571428571429,0},{0.0697674418604651,
        0.162790697674419,0.767441860465116,0},{0,0,0.181818181818182,
        0.818181818181818}},{{0.990791896869245,0.00920810313075507,0,0},{0.18,
        0.81,0.01,0},{0.0810810810810811,0.162162162162162,0.756756756756757,0},
        {0,0,0.222222222222222,0.777777777777778}},{{0.992844364937388,
        0.00536672629695885,0.00178890876565295,0},{0.195652173913043,
        0.804347826086957,0,0},{0.0645161290322581,0.193548387096774,
        0.741935483870968,0},{0,0,0.142857142857143,0.857142857142857}},{{
        0.977391304347826,0.0208695652173913,0.00173913043478261,0},{
        0.313253012048193,0.686746987951807,0,0},{0.32,0.16,0.52,0},{
        0.166666666666667,0,0.166666666666667,0.666666666666667}},{{
        0.994974874371859,0.0050251256281407,0,0},{0.164383561643836,
        0.821917808219178,0.0136986301369863,0},{0.0666666666666667,
        0.0666666666666667,0.866666666666667,0},{0,0.25,0.25,0.5}},{{
        0.991762767710049,0.00823723228995058,0,0},{0.169230769230769,
        0.830769230769231,0,0},{0.133333333333333,0.2,0.666666666666667,0},{0,0,
        0.5,0.5}},{{0.990243902439024,0.00975609756097561,0,0},{
        0.161290322580645,0.82258064516129,0,0.0161290322580645},{
        0.0909090909090909,0.0909090909090909,0.727272727272727,
        0.0909090909090909},{0,0,0,1}},{{0.998387096774194,0.00161290322580645,
        0,0},{0.189655172413793,0.775862068965517,0.0344827586206897,0},{0.125,
        0,0.875,0},{0,0,0,1}},{{0.995245641838352,0.00475435816164818,0,0},{
        0.217391304347826,0.782608695652174,0,0},{0,0.444444444444444,
        0.555555555555556,0},{0,0.333333333333333,0,0.666666666666667}},{{
        0.996865203761755,0.00313479623824451,0,0},{0.272727272727273,
        0.704545454545455,0.0227272727272727,0},{0,0.4,0.6,0},{0,0,0.5,0.5}},{{
        0.993827160493827,0.00617283950617284,0,0},{0.228571428571429,
        0.771428571428571,0,0},{0,0.2,0.8,0},{0,0,0,1}},{{0.992331288343558,
        0.00613496932515337,0.00153374233128834,0},{0.1875,0.8125,0,0},{0,0,1,0},
        {0,0,0,1}},{{0.986217457886677,0.0122511485451761,0.00153139356814701,0},
        {0.1,0.9,0,0},{0,0.2,0.8,0},{0,0,1,0}},{{0.993817619783617,
        0.00618238021638331,0,0},{0.111111111111111,0.888888888888889,0,0},{0,
        0.333333333333333,0.666666666666667,0},{0,0,0,0}},{{0.998454404945904,
        0.00154559505409583,0,0},{0.315789473684211,0.684210526315789,0,0},{0,0,
        1,0},{0,0,0,0}},{{0.993920972644377,0.0060790273556231,0,0},{
        0.222222222222222,0.740740740740741,0.037037037037037,0},{0,0.25,0.75,0},
        {0,0,0,0}},{{0.996969696969697,0.00303030303030303,0,0},{0.08,0.92,0,0},
        {0.5,0,0.5,0},{0,0,0,0}},{{0.998489425981873,0,0.00151057401812689,0},{
        0.16,0.84,0,0},{0.5,0,0.5,0},{0,0,0,0}},{{0.995495495495496,
        0.0045045045045045,0,0},{0.142857142857143,0.857142857142857,0,0},{0,0,
        1,0},{0,0,0,0}},{{0.995495495495496,0.0045045045045045,0,0},{
        0.0952380952380952,0.904761904761905,0,0},{0,0,1,0},{0,0,0,0}},{{
        0.989473684210526,0.00902255639097744,0.00150375939849624,0},{
        0.272727272727273,0.727272727272727,0,0},{0,0,1,0},{0,0,0,0}},{{
        0.983433734939759,0.016566265060241,0,0},{1,0,0,0},{1,0,0,0},{0,0,0,0}},
        {{0.998525073746313,0,0.00147492625368732,0},{0,1,0,0},{0,0,0,0},{0,0,0,
        0}},{{0.99261447562777,0.00590841949778434,0.00147710487444609,0},{0,1,
        0,0},{0,1,0,0},{0,0,0,0}},{{0.994047619047619,0.00595238095238095,0,0},
        {0.5,0.5,0,0},{0,0,1,0},{0,0,0,0}},{{0.995562130177515,
        0.00443786982248521,0,0},{0.333333333333333,0.666666666666667,0,0},{0,0,
        1,0},{0,0,0,0}},{{0.99261447562777,0.00738552437223043,0,0},{
        0.545454545454545,0.454545454545455,0,0},{0,0,1,0},{0,0,0,0}},{{
        0.982300884955752,0.0162241887905605,0.00147492625368732,0},{0.3,0.7,0,
        0},{0,1,0,0},{0,0,0,0}},{{0.994020926756353,0.00597907324364723,0,0},{
        0.263157894736842,0.684210526315789,0.0526315789473684,0},{1,0,0,0},{0,
        0,0,0}},{{0.980625931445604,0.0193740685543964,0,0},{0.0588235294117647,
        0.941176470588235,0,0},{0,1,0,0},{0,0,0,0}},{{0.987860394537178,
        0.0121396054628225,0,0},{0.233333333333333,0.7,0.0666666666666667,0},{0,
        0,0,0},{0,0,0,0}},{{0.990881458966565,0.00911854103343465,0,0},{
