within IDEAS.Occupants.Stochastic.Data.Residential.Occupancy;
record DomesticTwo = IDEAS.Occupants.Stochastic.Data.BaseClasses.Occupance (
    n=2,
    period=86400,
    s=144,
    Twd={{{0.994402985074627,0.00497512437810945,0.000621890547263682},{
        0.256849315068493,0.729452054794521,0.0136986301369863},{
        0.0603448275862069,0.21551724137931,0.724137931034483}},{{
        0.992861392028554,0.00713860797144557,0},{0.219512195121951,
        0.772357723577236,0.00813008130081301},{0.0674157303370787,
        0.157303370786517,0.775280898876405}},{{0.994216310005784,
        0.00578368999421631,0},{0.25462962962963,0.731481481481482,
        0.0138888888888889},{0.0422535211267606,0.211267605633803,
        0.746478873239437}},{{0.992684299380979,0.00675295441755768,
        0.00056274620146314},{0.218579234972678,0.775956284153005,
        0.00546448087431694},{0.0535714285714286,0.160714285714286,
        0.785714285714286}},{{0.993912562257886,0.00553403431101273,
        0.000553403431101273},{0.184049079754601,0.809815950920245,
        0.00613496932515337},{0.130434782608696,0.130434782608696,
        0.739130434782609}},{{0.990720524017467,0.00818777292576419,
        0.00109170305676856},{0.418918918918919,0.574324324324324,
        0.00675675675675676},{0.194444444444444,0.305555555555556,0.5}},{{
        0.997346072186836,0.00159235668789809,0.00106157112526539},{
        0.207207207207207,0.783783783783784,0.00900900900900901},{0,
        0.0952380952380952,0.904761904761905}},{{0.997371188222923,
        0.00262881177707676,0},{0.152173913043478,0.847826086956522,0},{
        0.0909090909090909,0.136363636363636,0.772727272727273}},{{
        0.997386304234187,0.00261369576581286,0},{0.232558139534884,
        0.767441860465116,0},{0.0588235294117647,0.0588235294117647,
        0.882352941176471}},{{0.99585277345775,0.00414722654224987,0},{
        0.0833333333333333,0.916666666666667,0},{0.0666666666666667,
        0.133333333333333,0.8}},{{0.994813278008299,0.00466804979253112,
        0.000518672199170124},{0.236842105263158,0.736842105263158,
        0.0263157894736842},{0,0,1}},{{0.992252066115702,0.00723140495867769,
        0.000516528925619835},{0.323076923076923,0.661538461538462,
        0.0153846153846154},{0.2,0.133333333333333,0.666666666666667}},{{
        0.996915167095116,0.0025706940874036,0.00051413881748072},{
        0.220338983050847,0.779661016949153,0},{0,0,1}},{{0.995901639344262,
        0.00358606557377049,0.000512295081967213},{0.117647058823529,
        0.882352941176471,0},{0,0.0769230769230769,0.923076923076923}},{{
        0.994358974358974,0.00512820512820513,0.000512820512820513},{
        0.245283018867925,0.754716981132076,0},{0.0769230769230769,
        0.153846153846154,0.769230769230769}},{{0.996927803379416,
        0.00307219662058372,0},{0.173076923076923,0.807692307692308,
        0.0192307692307692},{0,0.0909090909090909,0.909090909090909}},{{
        0.994887525562372,0.00511247443762781,0},{0.204081632653061,
        0.795918367346939,0},{0.181818181818182,0.0909090909090909,
        0.727272727272727}},{{0.99438202247191,0.00561797752808989,0},{0.26,
        0.74,0},{0,0.125,0.875}},{{0.994387755102041,0.00561224489795918,0},{
        0.244897959183673,0.755102040816326,0},{0,0.142857142857143,
        0.857142857142857}},{{0.993370729219786,0.00611932687404386,
        0.000509943906170321},{0.244897959183673,0.714285714285714,
        0.0408163265306122},{0.166666666666667,0.166666666666667,
        0.666666666666667}},{{0.996430392656808,0.00356960734319225,0},{
        0.270833333333333,0.729166666666667,0},{0.142857142857143,
        0.142857142857143,0.714285714285714}},{{0.992378048780488,
        0.00711382113821138,0.000508130081300813},{0.162790697674419,
        0.837209302325581,0},{0,0.2,0.8}},{{0.992857142857143,
        0.00612244897959184,0.00102040816326531},{0.392156862745098,
        0.588235294117647,0.0196078431372549},{0,0,1}},{{0.983214649033571,
        0.0157680569684639,0.00101729399796541},{0.738095238095238,
        0.238095238095238,0.0238095238095238},{0.875,0.125,0}},{{
        0.993911719939117,0.0060882800608828,0},{0.142857142857143,
        0.833333333333333,0.0238095238095238},{0,0,1}},{{0.99236641221374,
        0.00763358778625954,0},{0.234042553191489,0.723404255319149,
        0.0425531914893617},{0,0.25,0.75}},{{0.989291177970423,
        0.0096889342172361,0.00101988781234064},{0.32,0.64,0.04},{0,0.6,0.4}},{
        {0.991308793456033,0.0081799591002045,0.000511247443762781},{
        0.148148148148148,0.851851851851852,0},{0.166666666666667,0,
        0.833333333333333}},{{0.984599589322382,0.0148870636550308,
        0.000513347022587269},{0.241935483870968,0.741935483870968,
        0.0161290322580645},{0.333333333333333,0.166666666666667,0.5}},{{
        0.965891472868217,0.0335917312661499,0.000516795865633075},{
        0.223684210526316,0.697368421052632,0.0789473684210526},{0.2,0,0.8}},{{
        0.985691573926868,0.0137784843667197,0.000529941706412295},{
        0.135593220338983,0.779661016949153,0.0847457627118644},{0,
        0.181818181818182,0.818181818181818}},{{0.980277185501066,
        0.0191897654584222,0.000533049040511727},{0.191666666666667,
        0.791666666666667,0.0166666666666667},{0.05,0.15,0.8}},{{
        0.976918947933441,0.0214707461084273,0.00161030595813205},{
        0.253731343283582,0.686567164179104,0.0597014925373134},{
        0.0526315789473684,0.263157894736842,0.684210526315789}},{{
        0.982749326145553,0.016711590296496,0.000539083557951483},{
        0.182481751824818,0.788321167883212,0.0291970802919708},{0,0.25,0.75}},
        {{0.963744588744589,0.0340909090909091,0.00216450216450216},{
        0.158620689655172,0.786206896551724,0.0551724137931034},{0,
        0.0869565217391304,0.91304347826087}},{{0.925720620842572,
        0.0670731707317073,0.00720620842572062},{0.122905027932961,
        0.782122905027933,0.0949720670391061},{0,0.151515151515152,
        0.848484848484849}},{{0.952718676122931,0.0443262411347518,
        0.00295508274231678},{0.0676691729323308,0.849624060150376,
        0.0827067669172932},{0.0172413793103448,0.0862068965517241,
        0.896551724137931}},{{0.946658491722869,0.0484365419987738,
        0.00490496627835684},{0.101307189542484,0.803921568627451,
        0.0947712418300654},{0.0126582278481013,0.20253164556962,
        0.784810126582278}},{{0.896573604060914,0.0881979695431472,
        0.0152284263959391},{0.093841642228739,0.788856304985337,
        0.117302052785924},{0.0404040404040404,0.121212121212121,
        0.838383838383838}},{{0.929606625258799,0.0600414078674948,
        0.010351966873706},{0.0952380952380952,0.830952380952381,
        0.0738095238095238},{0.0204081632653061,0.102040816326531,
        0.877551020408163}},{{0.91294964028777,0.0733812949640288,
        0.0136690647482014},{0.113082039911308,0.804878048780488,
        0.082039911308204},{0.0228571428571429,0.142857142857143,
        0.834285714285714}},{{0.72583081570997,0.204682779456193,
        0.0694864048338369},{0.1,0.679591836734694,0.220408163265306},{
        0.0297029702970297,0.188118811881188,0.782178217821782}},{{
        0.887795275590551,0.0994094488188976,0.0127952755905512},{
        0.0669781931464174,0.827102803738318,0.105919003115265},{
        0.0111731843575419,0.0782122905027933,0.910614525139665}},{{
        0.863013698630137,0.124341412012645,0.0126448893572181},{
        0.0909090909090909,0.807575757575758,0.101515151515152},{
        0.0171990171990172,0.0909090909090909,0.891891891891892}},{{
        0.82392776523702,0.139954853273138,0.036117381489842},{
        0.0828488372093023,0.776162790697674,0.140988372093023},{
        0.0294117647058824,0.131221719457014,0.839366515837104}},{{0.8725,
        0.1125,0.015},{0.0921787709497207,0.815642458100559,0.0921787709497207},
        {0.028,0.092,0.88}},{{0.850899742930591,0.123393316195373,
        0.025706940874036},{0.0777777777777778,0.815277777777778,
        0.106944444444444},{0.0231660231660232,0.138996138996139,
        0.837837837837838}},{{0.8,0.16986301369863,0.0301369863013699},{
        0.108609271523179,0.757615894039735,0.133774834437086},{
        0.0225988700564972,0.111111111111111,0.866290018832392}},{{
        0.908554572271386,0.0781710914454277,0.0132743362831858},{
        0.0675496688741722,0.835761589403973,0.0966887417218543},{
        0.0205831903945112,0.114922813036021,0.864493996569468}},{{
        0.933726067746686,0.0559646539027982,0.0103092783505155},{
        0.0932090545938748,0.844207723035952,0.0625832223701731},{
        0.0307167235494881,0.0972696245733788,0.872013651877133}},{{
        0.88781163434903,0.0969529085872576,0.0152354570637119},{
        0.141289437585734,0.790123456790123,0.0685871056241427},{
        0.0212389380530973,0.12212389380531,0.856637168141593}},{{
        0.953703703703704,0.0436507936507936,0.00264550264550265},{
        0.123076923076923,0.822377622377622,0.0545454545454545},{
        0.0403669724770642,0.0972477064220184,0.862385321100917}},{{
        0.950661853188929,0.0421179302045728,0.0072202166064982},{
        0.140949554896142,0.79673590504451,0.0623145400593472},{
        0.025440313111546,0.10958904109589,0.864970645792564}},{{
        0.910913140311804,0.0824053452115813,0.0066815144766147},{
        0.071656050955414,0.866242038216561,0.0621019108280255},{
        0.0244897959183673,0.0918367346938776,0.883673469387755}},{{
        0.941714285714286,0.0525714285714286,0.00571428571428571},{
        0.0452488687782805,0.89894419306184,0.0558069381598793},{
        0.0146443514644351,0.0753138075313808,0.910041841004184}},{{
        0.955865272938444,0.0429732868757259,0.00116144018583043},{
        0.0752212389380531,0.895280235988201,0.0294985250737463},{
        0.0167714884696017,0.0733752620545073,0.909853249475891}},{{
        0.943310657596372,0.0555555555555556,0.00113378684807256},{
        0.0662739322533137,0.896907216494845,0.0368188512518409},{
        0.0395604395604396,0.0989010989010989,0.861538461538462}},{{
        0.972067039106145,0.0245810055865922,0.00335195530726257},{
        0.0654338549075391,0.89900426742532,0.0355618776671408},{
        0.0167464114832536,0.0789473684210526,0.904306220095694}},{{
        0.969664138678223,0.0260021668472373,0.00433369447453954},{
        0.0596797671033479,0.899563318777293,0.0407569141193595},{
        0.0295566502463054,0.0763546798029557,0.894088669950739}},{{
        0.937763713080169,0.0559071729957806,0.00632911392405063},{
        0.108469539375929,0.812778603268945,0.0787518573551263},{
        0.0734177215189873,0.121518987341772,0.80506329113924}},{{
        0.979818365287588,0.0171543895055499,0.00302724520686176},{
        0.0354938271604938,0.942901234567901,0.0216049382716049},{
        0.0159151193633952,0.0397877984084881,0.944297082228117}},{{0.98,0.02,0},
        {0.0528771384136858,0.911353032659409,0.0357698289269051},{
        0.0214477211796247,0.0455764075067024,0.932975871313673}},{{
        0.972602739726027,0.0234833659491194,0.00391389432485323},{
        0.0642054574638844,0.902086677367576,0.0337078651685393},{
        0.0269541778975741,0.0727762803234501,0.900269541778976}},{{
        0.976053639846743,0.0210727969348659,0.0028735632183908},{
        0.034257748776509,0.929853181076672,0.0358890701468189},{
        0.0222841225626741,0.0752089136490251,0.902506963788301}},{{
        0.977099236641221,0.0219465648854962,0.000954198473282443},{
        0.0646203554119548,0.907915993537964,0.0274636510500808},{
        0.0143266475644699,0.0888252148997135,0.896848137535817}},{{
        0.958840037418148,0.0383536014967259,0.00280636108512629},{
        0.0876623376623377,0.849025974025974,0.0633116883116883},{
        0.027190332326284,0.0634441087613293,0.909365558912387}},{{
        0.964154411764706,0.0303308823529412,0.00551470588235294},{
        0.0769230769230769,0.888888888888889,0.0341880341880342},{
        0.00291545189504373,0.0524781341107872,0.944606413994169}},{{
        0.967123287671233,0.0264840182648402,0.00639269406392694},{
        0.0402802101576182,0.915936952714536,0.0437828371278459},{
        0.0228571428571429,0.0371428571428571,0.94}},{{0.958715596330275,
        0.036697247706422,0.00458715596330275},{0.0530973451327434,
        0.911504424778761,0.0353982300884956},{0.0138504155124654,
        0.0415512465373961,0.944598337950138}},{{0.963888888888889,
        0.0296296296296296,0.00648148148148148},{0.0508771929824561,
        0.914035087719298,0.0350877192982456},{0.0109289617486339,
        0.0191256830601093,0.969945355191257}},{{0.959962756052142,
        0.0325884543761639,0.0074487895716946},{0.0571428571428571,
        0.905357142857143,0.0375},{0.0104712041884817,0.0575916230366492,
        0.931937172774869}},{{0.940018744142455,0.0468603561387067,
        0.0131208997188379},{0.0602836879432624,0.868794326241135,
        0.0709219858156028},{0.0233766233766234,0.0571428571428571,
        0.919480519480519}},{{0.952198852772467,0.0411089866156788,
        0.00669216061185468},{0.0444839857651246,0.902135231316726,
        0.0533807829181495},{0.00245098039215686,0.0294117647058824,
        0.968137254901961}},{{0.953033268101761,0.0410958904109589,
        0.00587084148727984},{0.0498220640569395,0.912811387900356,
        0.0373665480427046},{0.00462962962962963,0.0347222222222222,
        0.960648148148148}},{{0.943227091633466,0.047808764940239,
        0.00896414342629482},{0.0456140350877193,0.905263157894737,
        0.0491228070175439},{0.0135746606334842,0.0429864253393665,
        0.943438914027149}},{{0.958120531154239,0.034729315628192,
        0.00715015321756895},{0.0463121783876501,0.912521440823328,
        0.0411663807890223},{0.0154185022026432,0.0594713656387665,
        0.92511013215859}},{{0.973251028806584,0.0226337448559671,
        0.00411522633744856},{0.0522765598650927,0.917369308600337,
        0.03035413153457},{0.0110864745011086,0.0376940133037694,
        0.951219512195122}},{{0.914460285132383,0.0773930753564155,
        0.00814663951120163},{0.0960548885077187,0.842195540308748,
        0.0617495711835334},{0.0288248337028825,0.0909090909090909,
        0.880266075388027}},{{0.965873836608066,0.0279214064115822,
        0.0062047569803516},{0.0411184210526316,0.9375,0.0213815789473684},{
        0.0090702947845805,0.036281179138322,0.954648526077097}},{{
        0.968847352024922,0.0280373831775701,0.00311526479750779},{
        0.0440456769983687,0.931484502446982,0.0244698205546493},{
        0.0113636363636364,0.0522727272727273,0.936363636363636}},{{
        0.956476683937824,0.0404145077720207,0.00310880829015544},{
        0.0644122383252818,0.901771336553945,0.0338164251207729},{
        0.0302325581395349,0.0604651162790698,0.909302325581395}},{{
        0.966188524590164,0.0307377049180328,0.00307377049180328},{0.0656,
        0.9104,0.024},{0.00481927710843374,0.0554216867469879,0.939759036144578}},
        {{0.956389452332657,0.037525354969574,0.00608519269776876},{
        0.0594855305466238,0.92604501607717,0.0144694533762058},{
        0.0294117647058824,0.0686274509803922,0.901960784313726}},{{
        0.952620967741936,0.0453629032258065,0.00201612903225806},{
        0.0577223088923557,0.904836193447738,0.0374414976599064},{
        0.0234986945169713,0.0887728459530026,0.887728459530026}},{{
        0.9656912209889,0.0282542885973764,0.00605449041372351},{
        0.0424886191198786,0.934749620637329,0.0227617602427921},{
        0.0136612021857923,0.0765027322404372,0.909836065573771}},{{
        0.955555555555556,0.0414141414141414,0.00303030303030303},{
        0.0476190476190476,0.916666666666667,0.0357142857142857},{
        0.0112994350282486,0.0593220338983051,0.929378531073446}},{{
        0.958248472505092,0.0336048879837067,0.00814663951120163},{
        0.0501474926253687,0.911504424778761,0.0383480825958702},{
        0.0252808988764045,0.0842696629213483,0.890449438202247}},{{
        0.965447154471545,0.032520325203252,0.00203252032520325},{
        0.052863436123348,0.919236417033774,0.0279001468428781},{
        0.0142450142450142,0.0626780626780627,0.923076923076923}},{{
        0.96468213925328,0.029263370332997,0.00605449041372351},{
        0.0794117647058823,0.882352941176471,0.0382352941176471},{
        0.0173913043478261,0.0695652173913043,0.91304347826087}},{{
        0.945866141732283,0.0452755905511811,0.00885826771653543},{
        0.104134762633997,0.846860643185299,0.0490045941807044},{
        0.00576368876080692,0.069164265129683,0.92507204610951}},{{
        0.959262851600388,0.0368574199806014,0.00387972841901067},{
        0.0401284109149278,0.926163723916533,0.0337078651685393},{
        0.0110497237569061,0.0441988950276243,0.94475138121547}},{{
        0.957760314341847,0.0333988212180747,0.00884086444007859},{
        0.0332805071315372,0.904912836767036,0.0618066561014263},{
        0.00272479564032698,0.0653950953678474,0.931880108991826}},{{
        0.92778335005015,0.0661985957873621,0.00601805416248746},{
        0.0333863275039746,0.899841017488076,0.0667726550079491},{
        0.00512820512820513,0.0333333333333333,0.961538461538462}},{{
        0.918776371308017,0.0717299578059072,0.00949367088607595},{
        0.0170542635658915,0.931782945736434,0.0511627906976744},{
        0.00709219858156028,0.0307328605200946,0.962174940898345}},{{
        0.943502824858757,0.0497175141242938,0.00677966101694915},{
        0.0439882697947214,0.900293255131965,0.0557184750733138},{
        0.0066815144766147,0.044543429844098,0.948775055679287}},{{
        0.898617511520737,0.0841013824884793,0.0172811059907834},{
        0.0693215339233038,0.805309734513274,0.125368731563422},{
        0.025531914893617,0.051063829787234,0.923404255319149}},{{
        0.941597139451728,0.0452920143027414,0.0131108462455304},{
        0.0186625194401244,0.925349922239502,0.0559875583203732},{
        0.00187265917602996,0.0262172284644195,0.971910112359551}},{{
        0.945205479452055,0.0473225404732254,0.0074719800747198},{
        0.0324574961360124,0.91499227202473,0.0525502318392581},{
        0.00530035335689046,0.0247349823321555,0.969964664310954}},{{
        0.910600255427842,0.0766283524904215,0.0127713920817369},{
        0.0232919254658385,0.908385093167702,0.0683229813664596},{
        0.0118845500848896,0.0424448217317487,0.945670628183362}},{{
        0.933333333333333,0.0571428571428571,0.00952380952380952},{
        0.0164179104477612,0.925373134328358,0.0582089552238806},{
        0.0016366612111293,0.0360065466448445,0.962356792144026}},{{
        0.925501432664756,0.0544412607449857,0.0200573065902579},{
        0.0263157894736842,0.890350877192982,0.0833333333333333},{
        0.00315457413249211,0.0378548895899054,0.958990536277603}},{{
        0.878378378378378,0.100600600600601,0.021021021021021},{
        0.0357675111773472,0.858420268256334,0.105812220566319},{
        0.00883652430044183,0.0353460972017673,0.955817378497791}},{{
        0.886178861788618,0.0845528455284553,0.0292682926829268},{
        0.0209895052473763,0.895052473763118,0.0839580209895053},{
        0.00136239782016349,0.0149863760217984,0.983651226158038}},{{0.8875,
        0.0892857142857143,0.0232142857142857},{0.0227272727272727,
        0.88030303030303,0.096969696969697},{0.0050251256281407,
        0.0188442211055276,0.976130653266332}},{{0.872093023255814,
        0.112403100775194,0.0155038759689922},{0.0278637770897833,
        0.865325077399381,0.106811145510836},{0.00351288056206089,
        0.0257611241217799,0.970725995316159}},{{0.893842887473461,
        0.0806794055201698,0.0254777070063694},{0.0219092331768388,
        0.885758998435055,0.0923317683881064},{0.00441501103752759,
        0.0242825607064018,0.971302428256071}},{{0.888382687927107,
        0.082004555808656,0.0296127562642369},{0.0447284345047923,
        0.848242811501597,0.10702875399361},{0.00420609884332282,
        0.028391167192429,0.967402733964248}},{{0.838862559241706,
        0.123222748815166,0.037914691943128},{0.0471380471380471,
        0.796296296296296,0.156565656565657},{0.006,0.048,0.946}},{{
        0.847938144329897,0.123711340206186,0.0283505154639175},{
        0.0139616055846422,0.870855148342059,0.115183246073298},{
        0.0037914691943128,0.0218009478672986,0.974407582938389}},{{
        0.882697947214076,0.0850439882697947,0.032258064516129},{
        0.0298245614035088,0.873684210526316,0.0964912280701754},{
        0.00542986425339366,0.0262443438914027,0.968325791855204}},{{
        0.901234567901235,0.0802469135802469,0.0185185185185185},{
        0.0251798561151079,0.866906474820144,0.107913669064748},{
        0.0123239436619718,0.0352112676056338,0.952464788732394}},{{0.890625,
        0.0875,0.021875},{0.0291970802919708,0.892335766423358,
        0.0784671532846715},{0.00696864111498258,0.029616724738676,
        0.963414634146341}},{{0.932038834951456,0.0517799352750809,
        0.0161812297734628},{0.0453720508166969,0.88021778584392,
        0.0744101633393829},{0.00778546712802768,0.0285467128027682,
        0.963667820069204}},{{0.841614906832298,0.118012422360248,
        0.0403726708074534},{0.0561797752808989,0.767790262172285,
        0.176029962546816},{0.0155172413793103,0.0551724137931034,
        0.929310344827586}},{{0.912225705329154,0.0626959247648903,
        0.0250783699059561},{0.01953125,0.912109375,0.068359375},{
        0.00421940928270042,0.020253164556962,0.975527426160338}},{{
        0.934640522875817,0.0522875816993464,0.0130718954248366},{
        0.025440313111546,0.911937377690802,0.0626223091976517},{
        0.00583819849874896,0.0225187656380317,0.971643035863219}},{{
        0.937908496732026,0.0522875816993464,0.00980392156862745},{
        0.0157170923379175,0.917485265225933,0.0667976424361493},{
        0.00666111573688593,0.0391340549542048,0.954204829308909}},{{
        0.937293729372937,0.0561056105610561,0.0066006600660066},{
        0.00943396226415094,0.947169811320755,0.0433962264150943},{
        0.00253592561284869,0.0194420963651733,0.978021978021978}},{{
        0.945205479452055,0.0445205479452055,0.0102739726027397},{
        0.0387453874538745,0.915129151291513,0.0461254612546125},{
        0.0050761421319797,0.0296108291032149,0.965313028764805}},{{
        0.904290429042904,0.0759075907590759,0.0198019801980198},{
        0.0441176470588235,0.840073529411765,0.115808823529412},{
        0.00855431993156544,0.0333618477331052,0.958083832335329}},{{
        0.925324675324675,0.0422077922077922,0.0324675324675325},{
        0.0211946050096339,0.930635838150289,0.0481695568400771},{
        0.00168208578637511,0.0100925147182506,0.988225399495374}},{{
        0.939597315436242,0.0436241610738255,0.0167785234899329},{
        0.00984251968503937,0.94488188976378,0.0452755905511811},{
        0.00247933884297521,0.0173553719008264,0.980165289256198}},{{
        0.920138888888889,0.0555555555555556,0.0243055555555556},{
        0.0194552529182879,0.920233463035019,0.0603112840466926},{
        0.00164744645799012,0.0197693574958814,0.978583196046129}},{{
        0.945848375451264,0.0397111913357401,0.0144404332129964},{
        0.0233918128654971,0.933723196881092,0.0428849902534113},{
        0.00163132137030995,0.0187601957585644,0.979608482871126}},{{
        0.967391304347826,0.0217391304347826,0.0108695652173913},{
        0.0194931773879142,0.912280701754386,0.0682261208576998},{
        0.00162999185004075,0.0407497962510187,0.957620211898941}},{{
        0.89247311827957,0.0824372759856631,0.025089605734767},{
        0.0381679389312977,0.877862595419847,0.083969465648855},{
        0.00329760923330585,0.0428689200329761,0.953833470733718}},{{
        0.93040293040293,0.0476190476190476,0.021978021978022},{
        0.0299065420560748,0.914018691588785,0.0560747663551402},{
        0.00248344370860927,0.0240066225165563,0.973509933774834}},{{
        0.934065934065934,0.0366300366300366,0.0293040293040293},{
        0.0188323917137476,0.915254237288136,0.0659133709981168},{
        0.00247524752475248,0.0321782178217822,0.965346534653465}},{{
        0.925373134328358,0.0559701492537313,0.0186567164179104},{
        0.0392523364485981,0.895327102803738,0.0654205607476635},{
        0.00412201154163232,0.0420445177246496,0.953833470733718}},{{
        0.963503649635037,0.0255474452554745,0.0109489051094891},{
        0.0458715596330275,0.908256880733945,0.0458715596330275},{
        0.00417710944026733,0.0334168755221387,0.962406015037594}},{{
        0.952380952380952,0.0340136054421769,0.0136054421768707},{
        0.0959409594095941,0.863468634686347,0.040590405904059},{
        0.0313559322033898,0.0745762711864407,0.894067796610169}},{{
        0.915989159891599,0.0650406504065041,0.018970189701897},{
        0.148409893992933,0.761484098939929,0.0901060070671378},{
        0.0370027752081406,0.135060129509713,0.827937095282146}},{{
        0.967532467532468,0.0194805194805195,0.012987012987013},{
        0.0698835274542429,0.895174708818636,0.0349417637271215},{
        0.0115424973767051,0.0514165792235047,0.93704092339979}},{{0.968,0.022,
        0.01},{0.0855704697986577,0.884228187919463,0.0302013422818792},{
        0.0141304347826087,0.0706521739130435,0.915217391304348}},{{
        0.963503649635037,0.0255474452554745,0.0109489051094891},{
        0.137645107794362,0.822553897180763,0.0398009950248756},{
        0.0289017341040462,0.108670520231214,0.86242774566474}},{{
        0.987421383647799,0.0125786163522013,0},{0.134105960264901,
        0.846026490066225,0.0198675496688742},{0.0270618556701031,
        0.128865979381443,0.844072164948454}},{{0.982191780821918,
        0.0136986301369863,0.00410958904109589},{0.145395799676898,
        0.823909531502423,0.0306946688206785},{0.0359820089955022,
        0.131934032983508,0.83208395802099}},{{0.97352587244284,
        0.0204572803850782,0.00601684717208183},{0.246710526315789,
        0.722039473684211,0.03125},{0.0831889081455806,0.180242634315425,
        0.736568457538995}},{{0.976166832174777,0.0208540218470705,
        0.00297914597815293},{0.198214285714286,0.771428571428571,
        0.0303571428571429},{0.0489977728285078,0.151447661469933,
        0.799554565701559}},{{0.985663082437276,0.0125448028673835,
        0.0017921146953405},{0.174664107485605,0.802303262955854,
        0.0230326295585413},{0.0527704485488127,0.153034300791557,
        0.794195250659631}},{{0.974401321222131,0.0206440957886045,
        0.00495458298926507},{0.230612244897959,0.744897959183674,
        0.0244897959183673},{0.0793650793650794,0.171428571428571,
        0.749206349206349}},{{0.98937784522003,0.00758725341426404,
        0.00303490136570561},{0.193693693693694,0.772522522522523,
        0.0337837837837838},{0.047244094488189,0.15748031496063,
        0.795275590551181}},{{0.986447931526391,0.0121255349500713,
        0.0014265335235378},{0.216284987277354,0.78117048346056,
        0.00254452926208651},{0.0723981900452489,0.176470588235294,
        0.751131221719457}},{{0.98921832884097,0.00876010781671159,
        0.00202156334231806},{0.322314049586777,0.663911845730028,
        0.0137741046831956},{0.136094674556213,0.224852071005917,
        0.63905325443787}}},
    Twe={{{0.985742060920285,0.00972132209980557,0.00453661697990927},{
        0.20679012345679,0.774691358024691,0.0185185185185185},{
        0.0979020979020979,0.230769230769231,0.671328671328671}},{{
        0.991885143570537,0.00749063670411985,0.000624219725343321},{
        0.264214046822742,0.729096989966555,0.00668896321070234},{
        0.055045871559633,0.192660550458716,0.752293577981651}},{{
        0.992234169653525,0.004778972520908,0.0029868578255675},{
        0.215139442231076,0.772908366533865,0.0119521912350598},{
        0.0823529411764706,0.211764705882353,0.705882352941177}},{{
        0.994773519163763,0.00522648083623693,0},{0.177272727272727,
        0.804545454545455,0.0181818181818182},{0.0588235294117647,
        0.147058823529412,0.794117647058823}},{{0.99373576309795,
        0.00398633257403189,0.00227790432801822},{0.188775510204082,
        0.811224489795918,0},{0.0172413793103448,0.120689655172414,
        0.862068965517241}},{{0.984856982613573,0.0151430173864274,0},{
        0.497109826589595,0.485549132947977,0.0173410404624277},{
        0.333333333333333,0.166666666666667,0.5}},{{0.997311827956989,
        0.00268817204301075,0},{0.216666666666667,0.775,0.00833333333333333},{
        0.0666666666666667,0.1,0.833333333333333}},{{0.994689325544344,
        0.00477960701009028,0.000531067445565587},{0.207920792079208,
        0.792079207920792,0},{0.0384615384615385,0.0384615384615385,
        0.923076923076923}},{{0.994722955145119,0.00527704485488127,0},{
        0.311111111111111,0.677777777777778,0.0111111111111111},{0.04,0.24,0.72}},
        {{0.994775339602926,0.00417972831765935,0.00104493207941484},{
        0.246753246753247,0.74025974025974,0.012987012987013},{
        0.0526315789473684,0.0526315789473684,0.894736842105263}},{{
        0.994802494802495,0.0051975051975052,0},{0.212121212121212,
        0.787878787878788,0},{0.1,0.15,0.75}},{{0.99119170984456,
        0.00880829015544041,0},{0.323076923076923,0.676923076923077,0},{0,
        0.133333333333333,0.866666666666667}},{{0.993795243019648,
        0.00517063081695967,0.00103412616339193},{0.285714285714286,
        0.682539682539683,0.0317460317460317},{0,0.153846153846154,
        0.846153846153846}},{{0.991237113402062,0.00876288659793814,0},{0.2,
        0.781818181818182,0.0181818181818182},{0.133333333333333,
        0.0666666666666667,0.8}},{{0.991219008264463,0.00826446280991736,
        0.000516528925619835},{0.327868852459016,0.622950819672131,
        0.0491803278688525},{0.0769230769230769,0,0.923076923076923}},{{
        0.99639175257732,0.00360824742268041,0},{0.314814814814815,
        0.685185185185185,0},{0.3125,0.0625,0.625}},{{0.994884910485934,
        0.0051150895140665,0},{0.222222222222222,0.777777777777778,0},{0.1,0,
        0.9}},{{0.993865030674847,0.00562372188139059,0.000511247443762781},{
        0.4,0.6,0},{0.111111111111111,0.111111111111111,0.777777777777778}},{{
        0.99745287824758,0.00254712175241977,0},{0.256410256410256,
        0.743589743589744,0},{0,0.375,0.625}},{{0.997459349593496,
        0.00254065040650407,0},{0.297297297297297,0.702702702702703,0},{0,0,1}},
        {{0.993414387031408,0.00557244174265451,0.00101317122593718},{
        0.258064516129032,0.741935483870968,0},{0,0,1}},{{0.994413407821229,
        0.00558659217877095,0},{0.235294117647059,0.735294117647059,
        0.0294117647058824},{0.142857142857143,0.142857142857143,
        0.714285714285714}},{{0.994916115912557,0.00508388408744281,0},{
        0.351351351351351,0.648648648648649,0},{0.166666666666667,
        0.166666666666667,0.666666666666667}},{{0.980213089802131,
        0.0172501268391679,0.00253678335870117},{0.857142857142857,
        0.142857142857143,0},{0.5,0,0.5}},{{0.993380855397149,
        0.00560081466395112,0.0010183299389002},{0.282051282051282,
        0.717948717948718,0},{0.142857142857143,0.142857142857143,
        0.714285714285714}},{{0.992358634742741,0.00662251655629139,
        0.00101884870096791},{0.2,0.8,0},{0,0.142857142857143,0.857142857142857}},
        {{0.991308793456033,0.00766871165644172,0.00102249488752556},{
        0.130434782608696,0.869565217391304,0},{0.25,0,0.75}},{{
        0.989727786337956,0.00975860297894196,0.000513610683102209},{
        0.181818181818182,0.781818181818182,0.0363636363636364},{0,0.25,0.75}},
        {{0.987093443469282,0.0129065565307176,0},{0.171875,0.765625,0.0625},{
        0.111111111111111,0,0.888888888888889}},{{0.977650727650728,
        0.0207900207900208,0.00155925155925156},{0.310810810810811,
        0.621621621621622,0.0675675675675676},{0.166666666666667,
        0.416666666666667,0.416666666666667}},{{0.991080797481637,
        0.00786988457502623,0.00104931794333683},{0.252747252747253,
        0.714285714285714,0.032967032967033},{0,0.153846153846154,
        0.846153846153846}},{{0.989539748953975,0.00941422594142259,
        0.00104602510460251},{0.24390243902439,0.731707317073171,
        0.024390243902439},{0.0625,0.1875,0.75}},{{0.982226868792473,
        0.0172503920543649,0.000522739153162572},{0.209876543209877,
        0.765432098765432,0.0246913580246914},{0.25,0.1875,0.5625}},{{
        0.991052631578947,0.00789473684210526,0.00105263157894737},{
        0.13265306122449,0.836734693877551,0.0306122448979592},{0,
        0.0833333333333333,0.916666666666667}},{{0.979430379746835,
        0.0205696202531646,0},{0.224489795918367,0.724489795918367,
        0.0510204081632653},{0,0.1875,0.8125}},{{0.961149547631719,
        0.0356572645023949,0.00319318786588611},{0.150442477876106,
        0.814159292035398,0.0353982300884956},{0.0555555555555556,
        0.166666666666667,0.777777777777778}},{{0.982456140350877,
        0.0164473684210526,0.00109649122807018},{0.0987654320987654,
        0.851851851851852,0.0493827160493827},{0.0416666666666667,
        0.166666666666667,0.791666666666667}},{{0.98065229408513,
        0.0182421227197347,0.00110558319513543},{0.127906976744186,
        0.831395348837209,0.0406976744186047},{0.0344827586206897,
        0.172413793103448,0.793103448275862}},{{0.964941569282137,
        0.0339454646633278,0.00111296605453534},{0.110497237569061,
        0.806629834254144,0.0828729281767956},{0.03125,0.1875,0.78125}},{{
        0.96011396011396,0.0347578347578348,0.00512820512820513},{
        0.107981220657277,0.835680751173709,0.0563380281690141},{
        0.0238095238095238,0.119047619047619,0.857142857142857}},{{
        0.946752486834406,0.0473961380924517,0.00585137507314219},{
        0.102459016393443,0.819672131147541,0.0778688524590164},{
        0.0175438596491228,0.0701754385964912,0.912280701754386}},{{
        0.868004866180049,0.106447688564477,0.0255474452554745},{
        0.101754385964912,0.691228070175439,0.207017543859649},{
        0.0246913580246914,0.148148148148148,0.827160493827161}},{{
        0.947873799725652,0.0459533607681756,0.00617283950617284},{0.0625,
        0.841145833333333,0.0963541666666667},{0.00595238095238095,
        0.0595238095238095,0.93452380952381}},{{0.928926794598436,
        0.0646766169154229,0.00639658848614072},{0.06,0.84,0.1},{
        0.00492610837438424,0.0541871921182266,0.940886699507389}},{{
        0.875375375375375,0.105855855855856,0.0187687687687688},{
        0.0570776255707763,0.787671232876712,0.155251141552511},{0.0125,
        0.0666666666666667,0.920833333333333}},{{0.936348408710218,
        0.0561139028475712,0.00753768844221106},{0.0657370517928287,
        0.832669322709163,0.101593625498008},{0.0254777070063694,
        0.0477707006369427,0.926751592356688}},{{0.895599654874892,
        0.087144089732528,0.0172562553925798},{0.05,0.834,0.116},{
        0.0170940170940171,0.0712250712250712,0.911680911680912}},{{
        0.825070159027128,0.143124415341441,0.0318054256314312},{
        0.0423572744014733,0.751381215469613,0.206261510128913},{
        0.0201005025125628,0.0603015075376884,0.919597989949749}},{{
        0.898138006571741,0.0876232201533406,0.0142387732749179},{
        0.0393162393162393,0.805128205128205,0.155555555555556},{0.0078125,
        0.04296875,0.94921875}},{{0.893742621015348,0.0873671782762692,
        0.0188902007083825},{0.0488656195462478,0.825479930191972,
        0.12565445026178},{0.00847457627118644,0.0542372881355932,
        0.93728813559322}},{{0.870886075949367,0.10379746835443,
        0.0253164556962025},{0.0431778929188256,0.801381692573402,
        0.155440414507772},{0.0234009360374415,0.0592823712948518,
        0.917316692667707}},{{0.917582417582418,0.0686813186813187,
        0.0137362637362637},{0.0462328767123288,0.856164383561644,
        0.0976027397260274},{0.0171919770773639,0.0501432664756447,
        0.932664756446991}},{{0.884016973125884,0.101838755304102,
        0.0141442715700141},{0.0427350427350427,0.851282051282051,
        0.105982905982906},{0.0139275766016713,0.0557103064066852,
        0.930362116991644}},{{0.816666666666667,0.151515151515152,
        0.0318181818181818},{0.0475409836065574,0.773770491803279,
        0.178688524590164},{0.0216216216216216,0.0716216216216216,
        0.906756756756757}},{{0.873287671232877,0.10958904109589,
        0.0171232876712329},{0.032,0.8752,0.0928},{0.0149812734082397,
        0.0399500624219725,0.945068664169788}},{{0.920664206642066,
        0.0590405904059041,0.0202952029520295},{0.0404354587869362,
        0.858475894245723,0.101088646967341},{0.016969696969697,
        0.0460606060606061,0.936969696969697}},{{0.896103896103896,
        0.0853432282003711,0.0185528756957328},{0.0482315112540193,
        0.815112540192926,0.136655948553055},{0.0212014134275618,
        0.055359246171967,0.923439340400471}},{{0.954802259887006,
        0.0414312617702448,0.00376647834274953},{0.0366666666666667,0.91,
        0.0533333333333333},{0.0216154721274175,0.043230944254835,
        0.935153583617747}},{{0.928832116788321,0.062043795620438,
        0.00912408759124088},{0.0528052805280528,0.876237623762376,
        0.070957095709571},{0.0350467289719626,0.0560747663551402,
        0.908878504672897}},{{0.828371278458844,0.140105078809107,
        0.031523642732049},{0.101141924959217,0.735725938009788,
        0.163132137030995},{0.0508474576271186,0.112590799031477,
        0.836561743341404}},{{0.95840554592721,0.0311958405545927,
        0.0103986135181976},{0.0304487179487179,0.91025641025641,
        0.0592948717948718},{0.0148331273176761,0.0284301606922126,
        0.956736711990111}},{{0.958904109589041,0.0342465753424658,
        0.00684931506849315},{0.0459770114942529,0.908045977011494,
        0.0459770114942529},{0.0208078335373317,0.0526315789473684,
        0.9265605875153}},{{0.927272727272727,0.0611570247933884,
        0.0115702479338843},{0.0649350649350649,0.850649350649351,
        0.0844155844155844},{0.0278833967046895,0.064638783269962,
        0.907477820025348}},{{0.958266452648475,0.0321027287319422,
        0.00963081861958266},{0.0375816993464052,0.913398692810457,
        0.0490196078431373},{0.0206451612903226,0.0503225806451613,
        0.929032258064516}},{{0.944968553459119,0.0471698113207547,
        0.00786163522012579},{0.0517799352750809,0.886731391585761,
        0.0614886731391586},{0.0343915343915344,0.0542328042328042,
        0.911375661375661}},{{0.939301972685888,0.0440060698027314,
        0.0166919575113809},{0.0597738287560582,0.846526655896607,
        0.0936995153473344},{0.0286885245901639,0.0833333333333333,
        0.887978142076503}},{{0.95864106351551,0.0310192023633678,
        0.0103397341211226},{0.0407166123778502,0.890879478827362,
        0.0684039087947883},{0.0180806675938804,0.0403337969401947,
        0.941585535465925}},{{0.963609898107715,0.0291120815138282,
        0.00727802037845706},{0.0418760469011725,0.899497487437186,
        0.0586264656616415},{0.0165289256198347,0.046831955922865,
        0.9366391184573}},{{0.935622317596567,0.0529327610872675,
        0.011444921316166},{0.0473773265651438,0.884940778341794,
        0.0676818950930626},{0.0263888888888889,0.0472222222222222,
        0.926388888888889}},{{0.947218259629101,0.0385164051355207,
        0.014265335235378},{0.037037037037037,0.912457912457912,
        0.0505050505050505},{0.0167832167832168,0.0461538461538462,
        0.937062937062937}},{{0.954154727793696,0.0329512893982808,
        0.0128939828080229},{0.0631229235880399,0.877076411960133,
        0.0598006644518272},{0.0140845070422535,0.0450704225352113,
