last-generated=2014-10-30
radiator_new.vol.T=[333.14999389648437500000, 325.74160766601562500000, 320.05465698242187500000, 315.64630126953125000000, 312.17825317382812500000, 309.40786743164062500000, 307.16479492187500000000, 305.33010864257812500000, 303.81668090820312500000, 302.55715942382812500000, 301.50122070312500000000, 300.60845947265625000000, 299.84820556640625000000, 299.19973754882812500000, 298.64901733398437500000, 298.17868041992187500000, 297.77301025390625000000, 297.42248535156250000000, 297.11099243164062500000, 296.84051513671875000000, 296.59872436523437500000, 296.38439941406250000000, 296.19342041015625000000, 296.02230834960937500000, 295.86956787109375000000, 295.73193359375000000000, 295.60861206054687500000, 295.49694824218750000000, 295.39611816406250000000, 295.30471801757812500000, 295.22146606445312500000, 295.14550781250000000000, 295.07617187500000000000, 295.01290893554687500000, 294.95486450195312500000, 294.90130615234375000000, 294.85220336914062500000, 294.80731201171875000000, 294.76635742187500000000, 294.72808837890625000000, 294.69287109375000000000, 294.66058349609375000000, 294.63122558593750000000, 294.60379028320312500000, 294.57836914062500000000, 294.55487060546875000000, 294.53323364257812500000, 294.51321411132812500000, 294.49444580078125000000, 294.47695922851562500000, 294.46063232421875000000, 294.44540405273437500000, 294.43103027343750000000, 294.41751098632812500000, 294.40472412109375000000, 294.39260864257812500000, 294.38116455078125000000, 294.37030029296875000000, 294.35998535156250000000, 294.35025024414062500000, 294.34097290039062500000, 294.33197021484375000000, 294.32336425781250000000, 294.31518554687500000000, 294.30740356445312500000, 294.30007934570312500000, 294.29321289062500000000, 294.28686523437500000000, 294.28103637695312500000, 294.27542114257812500000, 294.26968383789062500000, 294.26428222656250000000, 294.25912475585937500000, 294.25430297851562500000, 294.24978637695312500000, 294.24560546875000000000, 294.24176025390625000000, 294.23828125000000000000, 294.23489379882812500000, 294.23159790039062500000, 294.22851562500000000000, 294.22561645507812500000, 294.22290039062500000000, 294.22033691406250000000, 294.21795654296875000000, 294.21569824218750000000, 294.21362304687500000000, 294.21163940429687500000, 294.20980834960937500000, 294.20806884765625000000, 294.20645141601562500000, 294.20489501953125000000, 294.20343017578125000000, 294.20202636718750000000, 294.20068359375000000000, 294.19940185546875000000, 294.19815063476562500000, 294.19692993164062500000, 294.19570922851562500000, 294.19448852539062500000, 294.19329833984375000000]
time=[0.00000000000000000000, 25000.00000000000000000000]
