last-generated=2014-04-10
pump.vol.T=[293.14999389648437500000, 293.14999389648437500000, 293.14999389648437500000, 293.14999389648437500000, 293.14999389648437500000, 293.14999389648437500000, 293.14999389648437500000, 293.14999389648437500000, 293.14999389648437500000, 293.14999389648437500000, 293.14999389648437500000, 293.14999389648437500000, 293.14999389648437500000, 323.15002441406250000000, 323.14999389648437500000, 323.14999389648437500000, 323.14999389648437500000, 323.14999389648437500000, 323.14999389648437500000, 323.14999389648437500000, 323.14999389648437500000, 323.14999389648437500000, 323.14999389648437500000, 323.14999389648437500000, 323.14999389648437500000, 323.14999389648437500000, 323.14999389648437500000, 323.14999389648437500000, 323.14999389648437500000, 323.14999389648437500000, 323.14999389648437500000, 323.14999389648437500000, 323.14999389648437500000, 323.14999389648437500000, 323.14999389648437500000, 323.14999389648437500000, 323.14999389648437500000, 323.14999389648437500000, 323.14999389648437500000, 323.14999389648437500000, 323.14999389648437500000, 323.14999389648437500000, 323.14999389648437500000, 323.14999389648437500000, 323.14999389648437500000, 323.14999389648437500000, 323.14999389648437500000, 323.14999389648437500000, 323.14999389648437500000, 323.14999389648437500000, 323.14999389648437500000, 337.48303222656250000000, 348.40728759765625000000, 353.08197021484375000000, 350.35205078125000000000, 340.89154052734375000000, 327.03921508789051131316, 312.23236083984386368684, 300.11819458007812500000, 293.70724487304687500000, 294.57656860351562500000, 302.51492309570312500000, 315.55853271484375000000, 330.46948242187500000000, 343.58450317382812500000, 351.64144897460937500000, 352.64364624023437500000, 346.34320068359375000000, 334.30255126953113631316, 319.50115966796886368684, 305.60894775390625000000, 296.05123901367187500000, 293.20202636718750000000, 297.76248168945312500000, 308.60610961914062500000, 323.04565429687500000000, 337.51269531250000000000, 348.42541503906250000000, 353.08486938476562500000, 350.33966064453125000000, 340.86730957031250000000, 327.00622558593738631316, 312.20199584960937500000, 300.09307861328125000000, 293.69711303710937500000, 294.59161376953125000000, 302.56167602539062500000, 315.60845947265625000000, 330.53228759765625000000, 343.61981201171875000000, 351.66137695312500000000, 352.62597656250000000000, 346.31011962890625000000, 334.26693725585937500000, 319.45574951171875000000, 305.57925415039062500000, 296.03860473632812500000, 293.20449829101562500000, 297.78115844726562500000, 308.63418579101562500000, 323.07827758789062500000]
time=[0.00000000000000000000, 40000.00000000000000000000]
