last-generated=2014-04-10
radiator_new.vol.T=[333.14999389648437500000, 326.58511352539062500000, 321.38110351562500000000, 317.22372436523437500000, 313.86508178710937500000, 311.12115478515625000000, 308.85336303710937500000, 306.96246337890625000000, 305.37448120117187500000, 304.03222656250000000000, 302.88961791992187500000, 301.91162109375000000000, 301.06900024414062500000, 300.33831787109375000000, 299.70233154296875000000, 299.14968872070312500000, 298.67114257812500000000, 298.25415039062500000000, 297.88748168945312500000, 297.56622314453125000000, 297.27896118164062500000, 297.02096557617187500000, 296.79202270507812500000, 296.58316040039062500000, 296.39694213867187500000, 296.22793579101562500000, 296.07415771484375000000, 295.93536376953125000000, 295.80844116210937500000, 295.69345092773437500000, 295.58837890625000000000, 295.49203491210937500000, 295.40393066406250000000, 295.32302856445312500000, 295.24847412109375000000, 295.17971801757812500000, 295.11624145507812500000, 295.05761718750000000000, 295.00360107421875000000, 294.95312500000000000000, 294.90621948242187500000, 294.86273193359375000000, 294.82247924804687500000, 294.78546142578125000000, 294.75042724609375000000, 294.71783447265625000000, 294.68756103515625000000, 294.65954589843750000000, 294.63375854492187500000, 294.60928344726562500000, 294.58642578125000000000, 294.56509399414062500000, 294.54525756835937500000, 294.52685546875000000000, 294.50939941406250000000, 294.49301147460937500000, 294.47763061523437500000, 294.46316528320312500000, 294.44961547851562500000, 294.43670654296875000000, 294.42446899414062500000, 294.41287231445312500000, 294.40182495117187500000, 294.39132690429687500000, 294.38128662109375000000, 294.37173461914062500000, 294.36257934570312500000, 294.35385131835937500000, 294.34552001953125000000, 294.33743286132812500000, 294.32965087890625000000, 294.32220458984375000000, 294.31509399414062500000, 294.30831909179687500000, 294.30187988281250000000, 294.29583740234375000000, 294.29016113281250000000, 294.28491210937500000000, 294.28012084960937500000, 294.27496337890625000000, 294.27001953125000000000, 294.26528930664062500000, 294.26080322265625000000, 294.25653076171875000000, 294.25250244140625000000, 294.24871826171875000000, 294.24520874023437500000, 294.24197387695312500000, 294.23898315429687500000, 294.23593139648437500000, 294.23303222656250000000, 294.23031616210937500000, 294.22772216796875000000, 294.22525024414062500000, 294.22293090820312500000, 294.22073364257812500000, 294.21865844726562500000, 294.21670532226562500000, 294.21484375000000000000, 294.21304321289062500000, 294.21133422851562500000]
time=[0.00000000000000000000, 25000.00000000000000000000]
