last-generated=2015-02-13
pump.vol.T=[293.14999389648437500000, 293.14999389648437500000, 293.14999389648437500000, 293.14999389648437500000, 293.14999389648437500000, 293.14999389648437500000, 293.14999389648437500000, 293.14999389648437500000, 293.14999389648437500000, 293.14999389648437500000, 293.14999389648437500000, 293.14999389648437500000, 293.14999389648437500000, 323.15005493164062500000, 323.14999389648437500000, 323.14999389648437500000, 323.14999389648437500000, 323.14999389648437500000, 323.14999389648437500000, 323.14999389648437500000, 323.14999389648437500000, 323.14999389648437500000, 323.14999389648437500000, 323.14999389648437500000, 323.14999389648437500000, 323.14999389648437500000, 323.14999389648437500000, 323.14999389648437500000, 323.14999389648437500000, 323.14999389648437500000, 323.14999389648437500000, 323.14999389648437500000, 323.14999389648437500000, 323.14999389648437500000, 323.14999389648437500000, 323.14999389648437500000, 323.14999389648437500000, 323.14999389648437500000, 323.14999389648437500000, 323.14999389648437500000, 323.14999389648437500000, 323.14999389648437500000, 323.14999389648437500000, 323.14999389648437500000, 323.14999389648437500000, 323.14999389648437500000, 323.14999389648437500000, 323.14999389648437500000, 323.14999389648437500000, 323.14999389648437500000, 323.14999389648437500000, 337.47955322265625000000, 348.40536499023437500000, 353.08267211914062500000, 350.35455322265625000000, 340.89175415039062500000, 327.04095458984363631316, 312.23098754882823868684, 300.11944580078125000000, 293.70773315429687500000, 294.57705688476562500000, 302.51568603515625000000, 315.56054687500000000000, 330.46948242187500000000, 343.58135986328125000000, 351.64154052734375000000, 352.64373779296875000000, 346.34521484375000000000, 334.30416870117176131316, 319.50250244140636368684, 305.60821533203125000000, 296.05126953125000000000, 293.20138549804687500000, 297.76306152343750000000, 308.60519409179687500000, 323.04589843750000000000, 337.51278686523437500000, 348.42538452148437500000, 353.08343505859375000000, 350.33563232421875000000, 340.85983276367187500000, 327.00335693359363631316, 312.19238281250000000000, 300.09295654296875000000, 293.69885253906250000000, 294.59048461914062500000, 302.55001831054687500000, 315.60510253906250000000, 330.52786254882812500000, 343.62506103515625000000, 351.65640258789062500000, 352.63510131835937500000, 346.31900024414062500000, 334.27020263671875000000, 319.47058105468750000000, 305.58050537109375000000, 296.03710937500000000000, 293.20434570312500000000, 297.77951049804687500000, 308.63302612304687500000, 323.07873535156250000000]
time=[0.00000000000000000000, 40000.00000000000000000000]
