last-generated=2014-04-10
integrator.y=[0.00000000000000000000, 53760.03906250000000000000, 107461.07812500000000000000, 161103.18750000000000000000, 214686.51562500000000000000, 268211.12500000000000000000, 321676.93750000000000000000, 375084.25000000005820766091, 428433.40625000000000000000, 481724.12500000000000000000, 534956.43750000000000000000, 588130.25000000000000000000, 641245.68750000000000000000, 694302.68750000000000000000, 747302.18750000011641532183, 800243.75000000000000000000, 853127.25000000000000000000, 905952.62500000011641532183, 958719.93750000000000000000, 1011429.06250000000000000000, 1064080.50000000000000000000, 1116676.62500000000000000000, 1169215.37500000000000000000, 1221696.75000000000000000000, 1274120.87500000000000000000, 1326487.62500000000000000000, 1378797.12500000000000000000, 1431049.25000000000000000000, 1483244.12500000023283064365, 1535381.62500000000000000000, 1587461.75000000000000000000, 1639484.62500000000000000000, 1691450.25000000000000000000, 1743358.37500000000000000000, 1795208.62500000023283064365, 1847001.87499999976716935635, 1898738.50000000000000000000, 1950418.50000000000000000000, 2002042.00000000000000000000, 2053609.25000000000000000000, 2105120.00000000000000000000, 2156574.75000000000000000000, 2207973.00000000000000000000, 2259315.25000000000000000000, 2310601.50000000000000000000, 2361831.75000000000000000000, 2413006.25000000000000000000, 2464125.25000000000000000000, 2515188.25000000000000000000, 2566195.50000000000000000000, 2617146.75000000000000000000, 2668042.25000000000000000000, 2718883.00000000000000000000, 2769668.25000000000000000000, 2820398.00000000000000000000, 2871072.25000000046566128731, 2921691.00000000046566128731, 2972254.24999999953433871269, 3022762.50000000000000000000, 3073217.50000000000000000000, 3123618.00000000000000000000, 3173963.50000000000000000000, 3224254.25000000000000000000, 3274490.00000000000000000000, 3324671.25000000000000000000, 3374797.50000000000000000000, 3424869.25000000000000000000, 3474886.00000000000000000000, 3524848.00000000046566128731, 3574754.99999999953433871269, 3624607.49999999953433871269, 3674405.25000000000000000000, 3724152.00000000000000000000, 3773844.50000000000000000000, 3823483.00000000000000000000, 3873067.00000000000000000000, 3922597.00000000000000000000, 3972072.50000000000000000000, 4021494.00000000000000000000, 4070861.25000000000000000000, 4120174.00000000000000000000, 4169432.75000000000000000000, 4218637.50000000000000000000, 4267787.50000000000000000000, 4316883.50000000000000000000, 4365930.50000000000000000000, 4414925.00000000000000000000, 4463866.50000000000000000000, 4512755.00000000000000000000, 4561589.50000000000000000000, 4610371.00000000000000000000, 4659099.50000000000000000000, 4707774.50000000000000000000, 4756396.00000000000000000000, 4804964.00000000000000000000, 4853479.00000000000000000000, 4901940.50000000000000000000, 4950349.00000000000000000000, 4998704.00000000000000000000, 5047005.50000000000000000000, 5095254.00000000000000000000]
time=[0.00000000000000000000, 86400.00000000000000000000]
