last-generated=2015-07-03
statistics-simulation={'numerical Jacobians': '0', 'nonlinear': ' ', 'number of continuous time states': '2', 'linear': ' '}
senTem.T=[293.149993896484375, 286.490875244140625, 288.977386474609375, 291.191253662109375, 292.785003662109375, 293.58929443359375, 292.82122802734375, 293.18804931640625, 293.827667236328125, 294.391143798828125, 294.888153076171875, 294.935760498046875, 294.935821533203125, 294.935821533203125, 294.935821533203125, 294.935821533203125, 294.935821533203125, 294.935821533203125, 294.935821533203125, 294.935821533203125, 294.935821533203125, 294.503814697265625, 293.96588134765625, 293.35723876953125, 292.736785888671875, 293.421722412109375, 293.31414794921875, 292.034881591796875, 290.360137939453125, 288.188629150390625, 286.129791259765625, 286.129791259765625, 286.129791259765625, 286.129791259765625, 286.129791259765625, 286.129791259765625, 286.129791259765625, 286.129791259765625, 286.129791259765625, 286.129791259765625, 286.129791259765625, 286.129791259765625, 286.129791259765625, 286.129791259765625, 286.129791259765625, 286.129791259765625, 286.129791259765625, 286.129791259765625, 286.129791259765625, 286.129791259765625, 286.129791259765625, 285.60284423828125, 288.958343505859375, 291.189544677734375, 292.79022216796875, 293.5888671875, 292.82061767578125, 293.187347412109375, 293.82879638671875, 294.390869140625, 294.88800048828125, 294.935760498046875, 294.935821533203125, 294.935821533203125, 294.935821533203125, 294.935821533203125, 294.935821533203125, 294.935821533203125, 294.935821533203125, 294.935821533203125, 294.935821533203125, 294.503814697265625, 293.96588134765625, 293.35723876953125, 292.736785888671875, 293.421722412109375, 293.31414794921875, 292.034881591796875, 290.360137939453125, 288.188629150390625, 286.129791259765625, 286.129791259765625, 286.129791259765625, 286.129791259765625, 286.129791259765625, 286.129791259765625, 286.129791259765625, 286.129791259765625, 286.129791259765625, 286.129791259765625, 286.129791259765625, 286.129791259765625, 286.129791259765625, 286.129791259765625, 286.129791259765625, 286.129791259765625, 286.129791259765625, 286.129791259765625, 286.129791259765625, 286.129791259765625, 286.129791259765625]
time=[0., 10000.]
