last-generated=2015-07-04
statistics-simulation={'numerical Jacobians': '0', 'nonlinear': '1', 'number of continuous time states': '5', 'linear': '0'}
der(QBoiler)=[0., 0., 0., 0., 0., 0., 0., 0., 0., 0., 0., 3000., 3000., 3000., 3000., 3000., 0., 0., 0., 0., 0., 3000., 3000., 3000., 3000., 3000., 0., 0., 0., 0., 0., 3000., 3000., 3000., 3000., 3000., 0., 0., 0., 0., 0., 0., 0., 0., 0., 0., 0., 0., 0., 0., 0., 0., 0., 0., 0., 0., 0., 0., 0., 0., 0., 0., 0., 0., 0., 0., 0., 0., 0., 0., 0., 0., 0., 0., 0., 0., 0., 0., 0., 0., 0., 0., 0., 0., 0., 0., 0., 0., 0., 0., 0., 0., 0., 0., 0., 0., 0., 0., 0., 0., 0.]
der(QRadiator)=[0., 0., 0., 0., 0., 0., 0., 0., 0., 0., 0., 1245.1492919921875, 2205.433349609375, 2662.138916015625, 2859.958251953125, 2942.569580078125, 1155.15869140625, 535.492919921875, 278.988800048828125, 158.236480712890625, 95.80210113525390625, 1712.64794921875, 2435.825927734375, 2762.794189453125, 2902.246826171875, 2959.928466796875, 1160.64599609375, 537.621337890625, 279.94308471679630656581, 158.71110534668002856051, 96.05701446533203125, 1714.0631103515625, 2436.502197265625, 2763.10009765625, 2902.364013671875, 2959.9716796875, 1160.65966796875, 537.62664794921875, 279.945465087890625, 158.7122955322265625, 96.0574188232421875, 310.959991455078125, 187.9520721435546875, 119.651275634765625, 79.4217071533203125, 54.619472503662109375, 36.637866973876953125, 25.3829345703125, 18.160205841064453125, 13.34798145294189453125, 10.0202960968017578125, 11.74036312103271484375, 9.284992218017578125, 7.3994426727294921875, 5.92786264419555664062, 4.78903818130492364702, 3.79938173294066761088, 3.04353284835815918186, 2.45815610885620516868, 1.99917399883270263672, 1.63543045520782470703, 1.36396539211273193359, 1.14394080638885498047, 0.96382212638854980469, 0.81625145673751831055, 0.69633120298385620117, 0.59185963869094848633, 0.50474524497985839844, 0.43377250432968139648, 0.37272933125495910645, 0.3220519721508026123, 0.28408223390579223633, 0.25132715702056884766, 0.22292718291282653809, 0.19796192646026611328, 0.17598304152488708496, 0.15699005126953125, 0.14037723839282989502, 0.12554140388965606689, 0.11278548091650009155, 0.10177396982908248901, 0.09241597354412078857, 0.08407177776098251343, 0.07660853117704391479, 0.06987330317497253418, 0.06379050761461257935, 0.0583597719669342041, 0.0534121096134185791, 0.04877535626292228699, 0.04456435516476631165, 0.04076276719570159912, 0.03769484162330627441, 0.03490102663636207581, 0.03235153853893280029, 0.03001042269170284271, 0.02785973064601421356, 0.02589932270348072052, 0.02410117536783218384, 0.02243647351861000061, 0.02092003077268600464, 0.01954689808189868927]
time=[0., 100000.]
