last-generated=2015-08-14
statistics-simulation={'numerical Jacobians': '0', 'nonlinear': '1, 1', 'number of continuous time states': '5', 'linear': '0'}
volumeFlow1.vol.T=[313.149993896484375, 304.07061767578125, 300.04058837890625, 298.71795654296875, 298.757659912109375, 299.44720458984375, 300.412994384765625, 301.461944580078125, 302.4979248046875, 303.473175048828125, 304.37005615234375, 305.184112548828125, 305.917266845703125, 306.57489013671875, 307.1622314453125, 307.685699462890625, 308.151763916015625, 308.566497802734375, 308.935455322265625, 309.26348876953125, 309.5550537109375, 309.814239501953125, 310.0445556640625, 310.249176025390625, 310.430816650390625, 310.5921630859375, 310.735321044921875, 310.8624267578125, 310.975189208984375, 311.0753173828125, 311.164154052734375, 311.2430419921875, 311.313018798828125, 311.3751220703125, 311.43023681640625, 311.4791259765625, 311.522430419921875, 311.56085205078125, 311.594879150390625, 311.625030517578125, 311.6517333984375, 311.675445556640625, 311.696563720703125, 311.715240478515625, 311.7318115234375, 311.74652099609375, 311.7596435546875, 311.77130126953125, 311.781646728515625, 311.790863037109375, 311.799102783203125, 311.806427001953125, 311.81292724609375, 311.818695068359375, 311.823822021484375, 311.828399658203125, 311.841278076171875, 311.910308837890625, 312.012908935546875, 312.125946044921875, 312.236114501953125, 312.340850830078125, 312.437652587890625, 312.525726318359375, 312.6051025390625, 312.676361083984375, 312.73992919921875, 312.7967529296875, 312.846893310546875, 312.891876220703125, 312.93133544921875, 312.966339111328125, 312.997161865234375, 313.0242919921875, 313.048248291015625, 313.069427490234375, 313.08831787109375, 313.105499267578125, 313.12115478515625, 313.134979248046875, 313.147216796875, 313.15838623046875, 313.168121337890625, 313.176788330078125, 313.184600830078125, 313.19134521484375, 313.197479248046875, 313.202880859375, 313.207550048828125, 313.21185302734375, 313.215545654296875, 313.218780517578125, 313.22161865234375, 313.224090576171875, 313.226226806640625, 313.22808837890625, 313.229736328125, 313.231170654296875, 313.232421875, 313.233612060546875, 313.234710693359375]
time=[0., 3600.]
