last-generated=2015-02-13
heater.TSet=[308.14999389648437500000, 308.14999389648437500000]
heater.Tin.T=[293.14999389648437500000, 303.14999389648437500000, 303.14999389648437500000, 303.14999389648437500000, 303.14999389648437500000, 303.14999389648437500000, 303.14999389648437500000, 303.14999389648437500000, 303.14999389648437500000, 303.14999389648437500000, 303.14999389648437500000, 303.14999389648437500000, 303.14999389648437500000, 303.14999389648437500000, 303.14999389648437500000, 303.14999389648437500000, 303.14999389648437500000, 303.14999389648437500000, 303.14999389648437500000, 303.14999389648437500000, 303.14999389648437500000, 303.14999389648437500000, 303.14999389648437500000, 303.14999389648437500000, 303.14999389648437500000, 303.14999389648437500000, 303.14999389648437500000, 303.14999389648437500000, 303.14999389648437500000, 303.14999389648437500000, 303.14999389648437500000, 303.14999389648437500000, 303.14999389648437500000, 303.14999389648437500000, 303.62103271484375000000, 304.35733032226562500000, 305.05004882812500000000, 305.67211914062500000000, 306.21105957031250000000, 306.64022827148437500000, 306.94436645507812500000, 307.11407470703125000000, 307.14382934570312500000, 307.03216552734375000000, 306.78427124023437500000, 306.41098022460937500000, 305.91125488281250000000, 305.32159423828125000000, 304.65093994140625000000, 303.92684936523437500000, 303.18151855468750000000, 302.43463134765625000000, 301.70971679687500000000, 301.03488159179687500000, 300.43551635742187500000, 299.93182373046875000000, 299.54370117187500000000, 299.28338623046875000000, 299.16006469726562500000, 299.17779541015625000000, 299.33489990234375000000, 299.62261962890625000000, 300.04296875000000000000, 300.57141113281250000000, 301.19714355468750000000, 301.88708496093750000000, 302.61804199218750000000, 303.36972045898437500000, 304.11547851562500000000, 304.82550048828125000000, 305.47210693359375000000, 306.04000854492187500000, 306.50869750976562500000, 306.85720825195312500000, 307.07327270507812500000, 307.14962768554687500000, 307.08508300781250000000, 306.88241577148437500000, 306.55163574218750000000, 306.09045410156250000000, 305.53167724609375000000, 304.88357543945312500000, 304.17626953125000000000, 303.43569946289062500000, 302.68261718750000000000, 301.94650268554687500000, 301.25607299804687500000, 300.63037109375000000000, 300.08737182617187500000, 299.65948486328125000000, 299.35830688476562500000, 299.18621826171875000000, 299.15597534179687500000, 299.26788330078125000000, 299.51705932617187500000, 299.89352416992187500000, 300.38751220703125000000, 300.98123168945312500000, 301.65191650390625000000, 302.37258911132812500000, 303.11999511718750000000]
time=[0.00000000000000000000, 15000.00000000000000000000]
heater.modulation_min=[20.00000000000000000000, 20.00000000000000000000]
heater.modulation_start=[35.00000000000000000000, 35.00000000000000000000]
