last-generated=2015-06-27
statistics-simulation={'numerical Jacobians': '0', 'nonlinear': ' ', 'number of continuous time states': '6', 'linear': '0, 0, 0'}
radiator_new.vol.T=[333.149993896484375, 325.741607666015625, 320.054656982421875, 315.64630126953125, 312.178253173828125, 309.407867431640625, 307.164794921875, 305.330108642578125, 303.816680908203125, 302.557159423828125, 301.501220703125, 300.60845947265625, 299.84820556640625, 299.199737548828125, 298.649017333984375, 298.178680419921875, 297.77301025390625, 297.4224853515625, 297.110992431640625, 296.84051513671875, 296.598724365234375, 296.3843994140625, 296.19342041015625, 296.022308349609375, 295.86956787109375, 295.73193359375, 295.608612060546875, 295.4969482421875, 295.3961181640625, 295.304718017578125, 295.221466064453125, 295.1455078125, 295.076171875, 295.012908935546875, 294.954864501953125, 294.90130615234375, 294.852203369140625, 294.80731201171875, 294.766357421875, 294.72808837890625, 294.69287109375, 294.66058349609375, 294.6312255859375, 294.603790283203125, 294.578369140625, 294.55487060546875, 294.533233642578125, 294.513214111328125, 294.49444580078125, 294.476959228515625, 294.46063232421875, 294.445404052734375, 294.4310302734375, 294.417510986328125, 294.40472412109375, 294.392608642578125, 294.38116455078125, 294.37030029296875, 294.3599853515625, 294.350250244140625, 294.340972900390625, 294.33197021484375, 294.3233642578125, 294.315185546875, 294.307403564453125, 294.300079345703125, 294.293212890625, 294.286865234375, 294.281036376953125, 294.275421142578125, 294.269683837890625, 294.2642822265625, 294.259124755859375, 294.254302978515625, 294.249786376953125, 294.24560546875, 294.24176025390625, 294.23828125, 294.234893798828125, 294.231597900390625, 294.228515625, 294.225616455078125, 294.222900390625, 294.2203369140625, 294.21795654296875, 294.2156982421875, 294.213623046875, 294.211639404296875, 294.209808349609375, 294.20806884765625, 294.206451416015625, 294.20489501953125, 294.20343017578125, 294.2020263671875, 294.20068359375, 294.19940185546875, 294.198150634765625, 294.196929931640625, 294.195709228515625, 294.194488525390625, 294.19329833984375]
time=[0., 25000.]
