last-generated=2015-07-05
statistics-simulation={'numerical Jacobians': '0', 'nonlinear': '1', 'number of continuous time states': '12', 'linear': '0'}
pump1.vol.T=[288.149993896484375, 288.149993896484375, 288.149993896484375, 288.149993896484375, 288.149993896484375, 288.149993896484375, 288.149993896484375, 288.149993896484375, 288.149993896484375, 288.149993896484375, 288.149993896484375, 288.149993896484375, 288.149993896484375, 288.149993896484375, 288.149993896484375, 288.149993896484375, 288.149993896484375, 288.149993896484375, 288.149993896484375, 288.149993896484375, 288.149993896484375, 288.149993896484375, 288.149993896484375, 288.149993896484375, 288.149993896484375, 288.149993896484375, 288.149993896484375, 288.149993896484375, 288.149993896484375, 288.149993896484375, 308.1500244140625, 308.149993896484375, 308.149993896484375, 295.649993896484375, 295.649993896484375, 308.14999389648323813162, 308.149993896484375, 308.149993896484375, 295.649993896484375, 295.649993896484375, 295.649993896484375, 308.149993896484375, 308.149993896484375, 308.149993896484375, 295.649993896484375, 295.649993896484375, 295.649993896484375, 308.149993896484375, 308.149993896484375, 308.149993896484375, 295.649993896484375, 295.649993896484375, 295.649993896484375, 304.429840087890625, 296.788238525390625, 291.21487426757806815658, 286.732086181640625, 286.732086181640625, 286.732086181640625, 287.304718017578125, 285.314666748046875, 283.690399169921875, 283.690399169921875, 283.690399169921875, 284.138275146484375, 283.46697998046875, 283.338409423828125, 283.219329833984375, 283.219329833984375, 283.219329833984375, 283.271331787109375, 283.232666015625, 283.205963134765625, 283.172393798828125, 283.172393798828125, 283.172393798828125, 283.18609619140625, 283.1744384765625, 283.16632080078125, 283.157073974609375, 283.157073974609375, 283.157073974609375, 283.1605224609375, 283.1571044921875, 283.15478515625, 283.15228271484375, 283.15228271484375, 283.15228271484375, 283.15313720703125, 283.15216064453125, 283.1507568359375, 283.1507568359375, 283.1507568359375, 283.151397705078125, 283.1510009765625, 283.15069580078125, 283.1502685546875, 283.1502685546875, 283.1502685546875, 283.15045166015625, 283.15032958984375]
time=[0., 86400.]
