last-generated=2015-07-04
statistics-simulation={'numerical Jacobians': '0', 'nonlinear': '1', 'number of continuous time states': '3', 'linear': ' '}
pump.vol.T=[293.149993896484375, 293.149993896484375, 293.149993896484375, 293.149993896484375, 293.149993896484375, 293.149993896484375, 293.149993896484375, 293.149993896484375, 293.149993896484375, 293.149993896484375, 293.149993896484375, 293.149993896484375, 293.149993896484375, 323.150177001953125, 323.149993896484375, 323.149993896484375, 323.149993896484375, 323.149993896484375, 323.149993896484375, 323.149993896484375, 323.149993896484375, 323.149993896484375, 323.149993896484375, 323.149993896484375, 323.149993896484375, 323.149993896484375, 323.149993896484375, 323.149993896484375, 323.149993896484375, 323.149993896484375, 323.149993896484375, 323.149993896484375, 323.149993896484375, 323.149993896484375, 323.149993896484375, 323.149993896484375, 323.149993896484375, 323.149993896484375, 323.149993896484375, 323.149993896484375, 323.149993896484375, 323.149993896484375, 323.149993896484375, 323.149993896484375, 323.149993896484375, 323.149993896484375, 323.149993896484375, 323.149993896484375, 323.149993896484375, 323.149993896484375, 323.149993896484375, 337.4775390625, 348.405792236328125, 353.08154296875, 350.351165771484375, 340.891998291015625, 327.04388427734363631316, 312.22958374023448868684, 300.121124267578125, 293.7060546875, 294.576904296875, 302.515167236328125, 315.55841064453125, 330.469482421875, 343.58782958984375, 351.641845703125, 352.640869140625, 346.3416748046875, 334.30355834960926131316, 319.50234985351573868684, 305.608245849609375, 296.0521240234375, 293.20196533203125, 297.76263427734375, 308.605712890625, 323.045806884765625, 337.512542724609375, 348.424835205078125, 353.086273193359375, 350.33428955078125, 340.85968017578125, 327.00427246093738631316, 312.19268798828125, 300.09344482421875, 293.69921875, 294.591949462890625, 302.552490234375, 315.608642578125, 330.5291748046875, 343.625579833984375, 351.654937744140625, 352.632293701171875, 346.315399169921875, 334.2652587890625, 319.465972900390625, 305.57879638671875, 296.038177490234375, 293.205902099609375, 297.780670166015625, 308.632049560546875, 323.078369140625]
time=[0., 40000.]
