last-generated=2014-04-10
pump1.vol.T=[288.14999389648437500000, 288.14999389648437500000, 288.14999389648437500000, 288.14999389648437500000, 288.14999389648437500000, 288.14999389648437500000, 288.14999389648437500000, 288.14999389648437500000, 288.14999389648437500000, 288.14999389648437500000, 288.14999389648437500000, 288.14999389648437500000, 288.14999389648437500000, 288.14999389648437500000, 288.14999389648437500000, 288.14999389648437500000, 288.14999389648437500000, 288.14999389648437500000, 288.14999389648437500000, 288.14999389648437500000, 288.14999389648437500000, 288.14999389648437500000, 288.14999389648437500000, 288.14999389648437500000, 288.14999389648437500000, 288.14999389648437500000, 288.14999389648437500000, 288.14999389648437500000, 288.14999389648437500000, 288.14999389648437500000, 308.14999389648437500000, 308.14999389648437500000, 308.14999389648437500000, 295.64999389648437500000, 295.64999389648437500000, 308.14999389648323813162, 308.14999389648437500000, 308.14999389648437500000, 295.64999389648437500000, 295.64999389648437500000, 295.64999389648437500000, 308.14999389648437500000, 308.14999389648437500000, 308.14999389648437500000, 295.64999389648437500000, 295.64999389648437500000, 295.64999389648437500000, 308.14999389648437500000, 308.14999389648437500000, 308.14999389648437500000, 295.64999389648437500000, 295.64999389648437500000, 295.64999389648437500000, 304.44589233398437500000, 296.86004638671875000000, 291.23211669921869315658, 286.73312377929687500000, 286.73312377929687500000, 286.73312377929687500000, 287.36624145507812500000, 285.31457519531250000000, 283.66290283203125000000, 283.66290283203125000000, 283.66290283203125000000, 284.08648681640625000000, 283.63418579101562500000, 283.39190673828125000000, 283.21411132812500000000, 283.21411132812500000000, 283.21411132812500000000, 283.24975585937500000000, 283.20376586914062500000, 283.17974853515625000000, 283.16027832031250000000, 283.16027832031250000000, 283.16027832031250000000, 283.16375732421875000000, 283.15780639648437500000, 283.15429687500000000000, 283.15167236328125000000, 283.15167236328125000000, 283.15167236328125000000, 283.15200805664062500000, 283.15118408203125000000, 283.15063476562500000000, 283.15029907226562500000, 283.15029907226562500000, 283.15029907226562500000, 283.15029907226562500000, 283.15017700195312500000, 283.15005493164062500000, 283.15005493164062500000, 283.15005493164062500000, 283.15011596679687500000, 283.15008544921875000000, 283.15005493164062500000, 283.15002441406250000000, 283.15002441406250000000, 283.15002441406250000000, 283.15002441406250000000, 283.15002441406250000000]
time=[0.00000000000000000000, 86400.00000000000000000000]
