last-generated=2014-04-10
bou.medium.T=[283.14999389648437500000, 283.14999389648437500000]
heatedPipe.heatedPipe.heatPort.T=[293.14999389648437500000, 292.54327392578125000000, 291.98724365234375000000, 291.47732543945312500000, 291.01022338867187500000, 290.58413696289062500000, 290.19308471679687500000, 289.83654785156250000000, 289.51043701171875000000, 289.21319580078125000000, 288.94195556640625000000, 288.69479370117187500000, 288.46951293945312500000, 288.26385498046875000000, 288.07559204101562500000, 287.90298461914062500000, 287.74606323242187500000, 287.60211181640625000000, 287.46942138671875000000, 287.34893798828125000000, 287.23849487304687500000, 287.13687133789062500000, 287.04400634765625000000, 286.95922851562500000000, 286.88137817382812500000, 286.80987548828125000000, 286.74462890625000000000, 286.68487548828125000000, 286.63018798828125000000, 286.58004760742187500000, 286.53417968750000000000, 286.49224853515625000000, 286.45379638671875000000, 286.41845703125000000000, 286.38604736328125000000, 286.35623168945312500000, 286.32888793945312500000, 286.30371093750000000000, 286.28085327148437500000, 286.26052856445312500000, 286.24209594726562500000, 286.22540283203125000000, 286.21026611328125000000, 286.19644165039062500000, 286.18380737304687500000, 286.17257690429687500000, 286.16250610351562500000, 286.15328979492187500000, 286.14480590820312500000, 286.13690185546875000000, 286.12942504882812500000, 286.12243652343750000000, 286.11660766601562500000, 286.11123657226562500000, 286.10629272460937500000, 286.10162353515625000000, 286.09716796875000000000, 286.09286499023437500000, 286.08905029296875000000, 286.08575439453125000000, 286.08267211914062500000, 286.07977294921875000000, 286.07702636718750000000, 286.07440185546875000000, 286.07186889648437500000, 286.06973266601562500000, 286.06774902343750000000, 286.06591796875000000000, 286.06417846679687500000, 286.06256103515625000000, 286.06100463867187500000, 286.05953979492187500000, 286.05816650390625000000, 286.05688476562500000000, 286.05563354492187500000, 286.05444335937500000000, 286.05328369140625000000, 286.05212402343750000000, 286.05102539062500000000, 286.04995727539062500000, 286.04888916015625000000, 286.04782104492187500000, 286.04678344726562500000, 286.04571533203125000000, 286.04483032226562500000, 286.04418945312500000000, 286.04364013671875000000, 286.04312133789062500000, 286.04269409179687500000, 286.04232788085937500000, 286.04205322265625000000, 286.04183959960937500000, 286.04171752929687500000, 286.04165649414062500000, 286.04165649414062500000, 286.04174804687500000000, 286.04190063476562500000, 286.04208374023437500000, 286.04214477539062500000, 286.04223632812500000000, 286.04238891601562500000]
heatedPipe.heatPort.T=[298.14999389648437500000, 298.14999389648437500000]
time=[0.00000000000000000000, 3600.00000000000000000000]
