last-generated=2015-07-04
statistics-simulation={'numerical Jacobians': '0', 'nonlinear': ' ', 'number of continuous time states': '3', 'linear': ' '}
del.T=[283.149993896484375, 283.53521728515625, 284.004180908203125, 284.450286865234375, 284.874603271484375, 285.2781982421875, 285.662078857421875, 286.0272216796875, 286.37457275390625, 286.70501708984375, 287.01934814453125, 287.318328857421875, 287.602752685546875, 287.873291015625, 288.130615234375, 288.375396728515625, 288.608245849609375, 288.829742431640625, 289.040435791015625, 289.240875244140625, 289.4315185546875, 289.61285400390625, 289.785369873046875, 289.949432373046875, 290.10552978515625, 290.253997802734375, 290.395233154296875, 290.529571533203125, 290.657379150390625, 290.7789306640625, 290.894561767578125, 291.004547119140625, 291.109161376953125, 291.208709716796875, 291.303375244140625, 291.3934326171875, 291.479095458984375, 291.560577392578125, 291.638092041015625, 291.711822509765625, 291.781951904296875, 291.848663330078125, 291.912139892578125, 291.972503662109375, 292.029937744140625, 292.084564208984375, 292.136505126953125, 292.185943603515625, 292.232940673828125, 292.277679443359375, 292.320220947265625, 292.360687255859375, 292.399169921875, 292.435791015625, 292.470611572265625, 292.503753662109375, 292.5352783203125, 292.56524658203125, 292.59375, 292.620880126953125, 292.646697998046875, 292.671234130859375, 292.694580078125, 292.716796875, 292.7379150390625, 292.758026123046875, 292.777130126953125, 292.795318603515625, 292.8126220703125, 292.829071044921875, 292.8447265625, 292.859619140625, 292.873779296875, 292.887237548828125, 292.900054931640625, 292.9122314453125, 292.923828125, 292.93487548828125, 292.94537353515625, 292.955352783203125, 292.96484375, 292.973876953125, 292.982452392578125, 292.990631103515625, 292.998382568359375, 293.00579833984375, 293.0128173828125, 293.019500732421875, 293.02587890625, 293.03192138671875, 293.03765869140625, 293.04315185546875, 293.04833984375, 293.053314208984375, 293.058013916015625, 293.0625, 293.0667724609375, 293.07080078125, 293.074676513671875, 293.078338623046875, 293.08184814453125]
time=[0., 300.]
