last-generated=2015-07-04
statistics-simulation={'numerical Jacobians': '0', 'nonlinear': ' ', 'number of continuous time states': '6', 'linear': '0, 0, 0'}
radiator_new.vol.T=[333.149993896484375, 325.753265380859375, 320.08587646484375, 315.67254638671875, 312.18695068359375, 309.399688720703125, 307.1474609375, 305.30938720703125, 303.79547119140625, 302.538055419921875, 301.486053466796875, 300.599609375, 299.8475341796875, 299.205291748046875, 298.653839111328125, 298.178192138671875, 297.76593017578125, 297.406890869140625, 297.0927734375, 296.81689453125, 296.573760986328125, 296.358642578125, 296.1676025390625, 295.997344970703125, 295.845306396484375, 295.7091064453125, 295.586883544921875, 295.476806640625, 295.37750244140625, 295.28765869140625, 295.2061767578125, 295.132110595703125, 295.064666748046875, 295.003143310546875, 294.946868896484375, 294.8953857421875, 294.848175048828125, 294.804840087890625, 294.76495361328125, 294.728118896484375, 294.694183349609375, 294.66278076171875, 294.6336669921875, 294.606597900390625, 294.581512451171875, 294.558135986328125, 294.536346435546875, 294.51605224609375, 294.49713134765625, 294.47943115234375, 294.462921142578125, 294.44744873046875, 294.4329833984375, 294.41943359375, 294.406707763671875, 294.39471435546875, 294.3834228515625, 294.372772216796875, 294.362762451171875, 294.353302001953125, 294.344390869140625, 294.33599853515625, 294.32806396484375, 294.320556640625, 294.313446044921875, 294.306732177734375, 294.300384521484375, 294.294342041015625, 294.28863525390625, 294.283203125, 294.278076171875, 294.273193359375, 294.2685546875, 294.264129638671875, 294.259918212890625, 294.25592041015625, 294.252105712890625, 294.248443603515625, 294.2449951171875, 294.241668701171875, 294.238494873046875, 294.2354736328125, 294.232574462890625, 294.229827880859375, 294.2271728515625, 294.224639892578125, 294.222198486328125, 294.219879150390625, 294.2176513671875, 294.21551513671875, 294.213470458984375, 294.211517333984375, 294.209625244140625, 294.20782470703125, 294.206085205078125, 294.204437255859375, 294.20281982421875, 294.2012939453125, 294.1998291015625, 294.198394775390625, 294.196990966796875]
time=[0., 25000.]
