last-generated=2014-11-06
pump.vol.T=[293.14999389648437500000, 293.14999389648437500000, 293.14999389648437500000, 293.14999389648437500000, 293.14999389648437500000, 293.14999389648437500000, 293.14999389648437500000, 293.14999389648437500000, 293.14999389648437500000, 293.14999389648437500000, 293.14999389648437500000, 293.14999389648437500000, 293.14999389648437500000, 323.15002441406250000000, 323.14999389648437500000, 323.14999389648437500000, 323.14999389648437500000, 323.14999389648437500000, 323.14999389648437500000, 323.14999389648437500000, 323.14999389648437500000, 323.14999389648437500000, 323.14999389648437500000, 323.14999389648437500000, 323.14999389648437500000, 323.14999389648437500000, 323.14999389648437500000, 323.14999389648437500000, 323.14999389648437500000, 323.14999389648437500000, 323.14999389648437500000, 323.14999389648437500000, 323.14999389648437500000, 323.14999389648437500000, 323.14999389648437500000, 323.14999389648437500000, 323.14999389648437500000, 323.14999389648437500000, 323.14999389648437500000, 323.14999389648437500000, 323.14999389648437500000, 323.14999389648437500000, 323.14999389648437500000, 323.14999389648437500000, 323.14999389648437500000, 323.14999389648437500000, 323.14999389648437500000, 323.14999389648437500000, 323.14999389648437500000, 323.14999389648437500000, 323.14999389648437500000, 337.48303222656250000000, 348.40728759765625000000, 353.08197021484375000000, 350.35205078125000000000, 340.89154052734375000000, 327.03921508789051131316, 312.23236083984386368684, 300.11819458007812500000, 293.70724487304687500000, 294.57656860351562500000, 302.51492309570312500000, 315.55853271484375000000, 330.46948242187500000000, 343.58432006835937500000, 351.64141845703125000000, 352.64364624023437500000, 346.34323120117187500000, 334.30258178710926131316, 319.50112915039073868684, 305.60900878906250000000, 296.05117797851562500000, 293.20205688476562500000, 297.76248168945312500000, 308.60607910156250000000, 323.04562377929687500000, 337.51269531250000000000, 348.42544555664062500000, 353.08486938476562500000, 350.33956909179687500000, 340.86709594726562500000, 327.00601196289051131316, 312.20159912109375000000, 300.09301757812500000000, 293.69738769531250000000, 294.59103393554687500000, 302.56143188476562500000, 315.60824584960937500000, 330.53204345703125000000, 343.62017822265625000000, 351.66098022460937500000, 352.62683105468750000000, 346.31005859375000000000, 334.26846313476562500000, 319.45574951171875000000, 305.57855224609375000000, 296.03851318359375000000, 293.20443725585937500000, 297.78158569335937500000, 308.63513183593750000000, 323.07836914062500000000]
time=[0.00000000000000000000, 40000.00000000000000000000]
