last-generated=2015-07-04
statistics-simulation={'numerical Jacobians': '0', 'nonlinear': '1, 1', 'number of continuous time states': '4', 'linear': '0'}
volumeFlow1.vol.T=[313.149993896484375, 304.070587158203125, 300.040557861328125, 298.717620849609375, 298.75738525390625, 299.4473876953125, 300.413238525390625, 301.462493896484375, 302.49786376953125, 303.472808837890625, 304.369873046875, 305.184539794921875, 305.917938232421875, 306.57464599609375, 307.1611328125, 307.6844482421875, 308.1507568359375, 308.566162109375, 308.935699462890625, 309.26416015625, 309.555877685546875, 309.814971923828125, 310.045074462890625, 310.24945068359375, 310.430938720703125, 310.5921630859375, 310.735321044921875, 310.8624267578125, 310.9752197265625, 311.075225830078125, 311.16387939453125, 311.242523193359375, 311.312347412109375, 311.37432861328125, 311.429290771484375, 311.47821044921875, 311.52166748046875, 311.56024169921875, 311.59454345703125, 311.625, 311.652008056640625, 311.675933837890625, 311.6971435546875, 311.7159423828125, 311.732635498046875, 311.747406005859375, 311.76055908203125, 311.772247314453125, 311.782623291015625, 311.7918701171875, 311.800079345703125, 311.807342529296875, 311.813812255859375, 311.819549560546875, 311.824615478515625, 311.8291015625, 311.841888427734375, 311.91082763671875, 312.01336669921875, 312.126708984375, 312.238067626953125, 312.34259033203125, 312.438690185546875, 312.52587890625, 312.604248046875, 312.67462158203125, 312.737518310546875, 312.793548583984375, 312.8433837890625, 312.88763427734375, 312.92694091796875, 312.961700439453125, 312.99261474609375, 313.020111083984375, 313.044403076171875, 313.066131591796875, 313.0855712890625, 313.10272216796875, 313.118133544921875, 313.13189697265625, 313.14410400390625, 313.155029296875, 313.164825439453125, 313.173553466796875, 313.181365966796875, 313.188323974609375, 313.194549560546875, 313.200042724609375, 313.204986572265625, 313.20941162109375, 313.213409423828125, 313.21697998046875, 313.22021484375, 313.223175048828125, 313.225616455078125, 313.22772216796875, 313.229583740234375, 313.231170654296875, 313.2325439453125, 313.233734130859375, 313.23486328125]
time=[0., 3600.]
