last-generated=2014-11-06
volumeFlow1.vol.T=[313.14999389648437500000, 304.07073974609375000000, 300.04110717773437500000, 298.72012329101562500000, 298.76913452148437500000, 299.46401977539062500000, 300.42639160156250000000, 301.46279907226562500000, 302.49810791015625000000, 303.46987915039062500000, 304.36737060546875000000, 305.18603515625000000000, 305.92617797851562500000, 306.59536743164062500000, 307.19107055664062500000, 307.72637939453125000000, 308.19866943359375000000, 308.62109375000000000000, 308.99301147460937500000, 309.32043457031250000000, 309.60937500000000000000, 309.86303710937500000000, 310.08581542968750000000, 310.28100585937500000000, 310.45214843750000000000, 310.60385131835937500000, 310.74020385742187500000, 310.86132812500000000000, 310.96582031250000000000, 311.05984497070312500000, 311.14611816406250000000, 311.22497558593750000000, 311.29193115234375000000, 311.35238647460937500000, 311.40780639648437500000, 311.45907592773437500000, 311.50265502929687500000, 311.54177856445312500000, 311.57727050781250000000, 311.60980224609375000000, 311.63830566406250000000, 311.66375732421875000000, 311.68640136718750000000, 311.70639038085937500000, 311.72436523437500000000, 311.74044799804687500000, 311.75466918945312500000, 311.76715087890625000000, 311.77825927734375000000, 311.78820800781250000000, 311.79696655273437500000, 311.80465698242187500000, 311.81146240234375000000, 311.81753540039062500000, 311.82290649414062500000, 311.82760620117187500000, 311.84057617187500000000, 311.90786743164062500000, 312.00180053710937500000, 312.11102294921875000000, 312.22470092773437500000, 312.33193969726562500000, 312.43252563476562500000, 312.52359008789062500000, 312.60565185546875000000, 312.67883300781250000000, 312.74374389648437500000, 312.80258178710937500000, 312.85409545898437500000, 312.89981079101562500000, 312.94320678710937500000, 312.98214721679687500000, 313.01660156250000000000, 313.04660034179687500000, 313.07211303710937500000, 313.09530639648437500000, 313.11706542968750000000, 313.13568115234375000000, 313.15112304687500000000, 313.16342163085937500000, 313.17370605468750000000, 313.18478393554687500000, 313.19421386718750000000, 313.20196533203125000000, 313.20809936523437500000, 313.21261596679687500000, 313.21801757812500000000, 313.22256469726562500000, 313.22628784179687500000, 313.22915649414062500000, 313.23123168945312500000, 313.23345947265625000000, 313.23553466796875000000, 313.23721313476562500000, 313.23852539062500000000, 313.23941040039062500000, 313.24011230468750000000, 313.24075317382812500000, 313.24127197265625000000, 313.24166870117187500000, 313.24203491210937500000]
time=[0.00000000000000000000, 3600.00000000000000000000]
