last-generated=2015-08-14
statistics-simulation={'numerical Jacobians': '0', 'nonlinear': '1', 'number of continuous time states': '4', 'linear': ' '}
pump.vol.T=[293.149993896484375, 293.149993896484375, 293.149993896484375, 293.149993896484375, 293.149993896484375, 293.149993896484375, 293.149993896484375, 293.149993896484375, 293.149993896484375, 293.149993896484375, 293.149993896484375, 293.149993896484375, 293.149993896484375, 323.14996337890625, 323.149993896484375, 323.149993896484375, 323.149993896484375, 323.149993896484375, 323.149993896484375, 323.149993896484375, 323.149993896484375, 323.149993896484375, 323.149993896484375, 323.149993896484375, 323.149993896484375, 323.149993896484375, 323.149993896484375, 323.149993896484375, 323.149993896484375, 323.149993896484375, 323.149993896484375, 323.149993896484375, 323.149993896484375, 323.149993896484375, 323.149993896484375, 323.149993896484375, 323.149993896484375, 323.149993896484375, 323.149993896484375, 323.149993896484375, 323.149993896484375, 323.149993896484375, 323.149993896484375, 323.149993896484375, 323.149993896484375, 323.149993896484375, 323.149993896484375, 323.149993896484375, 323.149993896484375, 323.149993896484375, 323.149993896484375, 337.47698974609375, 348.406036376953125, 353.082977294921875, 350.3533935546875, 340.8924560546875, 327.04052734374988631316, 312.23175048828136368684, 300.11956787109375, 293.707427978515625, 294.5771484375, 302.515838623046875, 315.5579833984375, 330.469482421875, 343.583587646484375, 351.641845703125, 352.641815185546875, 346.342803955078125, 334.30227661132801131316, 319.50555419921886368684, 305.606719970703125, 296.052459716796875, 293.202606201171875, 297.762725830078125, 308.60540771484375, 323.045623779296875, 337.512664794921875, 348.42535400390625, 353.08502197265625, 350.3365478515625, 340.855377197265625, 326.99777221679676131316, 312.19482421875, 300.095428466796875, 293.70513916015625, 294.586944580078125, 302.555145263671875, 315.597320556640625, 330.52899169921875, 343.63232421875, 351.6600341796875, 352.637176513671875, 346.314453125, 334.26715087890625, 319.4688720703125, 305.57421875, 296.036102294921875, 293.20465087890625, 297.781341552734375, 308.635223388671875, 323.07855224609375]
time=[0., 40000.]
