last-generated=2015-06-28
statistics-simulation={'numerical Jacobians': '0', 'nonlinear': ' ', 'number of continuous time states': '3', 'linear': '0'}
heater.TSet=[308.149993896484375, 308.149993896484375]
heater.Tin.T=[293.149993896484375, 300.1600341796875, 302.29510498046875, 302.907806396484375, 303.0809326171875, 303.128509521484375, 303.143798828125, 303.15008544921875, 303.15032958984375, 303.150177001953125, 303.15008544921875, 303.150054931640625, 303.1500244140625, 303.1500244140625, 303.1500244140625, 303.1500244140625, 303.149993896484375, 303.149993896484375, 303.149993896484375, 303.149993896484375, 303.149993896484375, 303.149993896484375, 303.149993896484375, 303.149993896484375, 303.149993896484375, 303.149993896484375, 303.149993896484375, 303.149993896484375, 303.149993896484375, 303.149993896484375, 303.149993896484375, 303.149993896484375, 303.149993896484375, 303.149993896484375, 303.318389892578125, 303.86273193359375, 304.51898193359375, 305.168304443359375, 305.7572021484375, 306.259063720703125, 306.6624755859375, 306.94085693359375, 307.082794189453125, 307.084808349609375, 306.949737548828125, 306.680267333984375, 306.283416748046875, 305.774871826171875, 305.17633056640625, 304.500701904296875, 303.781219482421875, 303.038299560546875, 302.30413818359375, 301.60101318359375, 300.952301025390625, 300.374114990234375, 299.88311767578125, 299.53253173828125, 299.303558349609375, 299.205413818359375, 299.249664306640625, 299.431427001953125, 299.742095947265625, 300.1785888671875, 300.725341796875, 301.368377685546875, 302.05926513671875, 302.781951904296875, 303.52239990234375, 304.256500244140625, 304.94293212890625, 305.556854248046875, 306.089813232421875, 306.52606201171875, 306.83868408203125, 307.022247314453125, 307.0743408203125, 306.995635986328125, 306.77459716796875, 306.42034912109375, 305.947479248046875, 305.37255859375, 304.719512939453125, 304.01220703125, 303.274444580078125, 302.530029296875, 301.807861328125, 301.13323974609375, 300.52899169921875, 300.02142333984375, 299.6337890625, 299.363311767578125, 299.22052001953125, 299.218597412109375, 299.355224609375, 299.618927001953125, 300.010528564453125, 300.523956298828125, 301.146942138671875, 301.8270263671875, 302.541900634765625]
time=[0., 15000.]
heater.modulation_min=[20., 20.]
heater.heatSource.modulation=[58.62094879150390625, 23.6844997406005859375, 23.72428131103515625, 23.7244892120361328125, 23.7257556915283203125, 23.726043701171875, 23.7284088134765625, 23.7301082611083984375, 23.73169708251953125, 23.73342132568359375, 23.7352619171142578125, 23.737232208251953125, 23.7393474578857421875, 23.741619110107421875, 23.7440586090087890625, 23.7466831207275390625, 23.74950408935546875, 23.752532958984375, 23.7557849884033203125, 23.7592716217041015625, 23.7630062103271484375, 23.7670040130615234375, 23.77127838134765625, 23.7758388519287109375, 23.7807025909423828125, 23.7857208251953125, 23.790740966796875, 23.7957630157470703125, 23.8007869720458984375, 23.8058109283447265625, 23.8108367919921875, 23.81586456298828125, 23.820892333984375, 23.825923919677734375, 21.5609416961669921875, 0., 0., 0., 0., 0., 0., 0., 0., 0., 0., 0., 0., 0., 0., 0., 0., 0., 0., 0., 0., 37.92354583740234375, 41.217411041259765625, 42.4695281982421875, 43.07672882080078125, 43.001255035400390625, 42.2467803955078125, 40.845203399658203125, 38.858448028564453125, 36.30754852294921875, 33.34100341796875, 30.0345211029052734375, 26.5308856964111328125, 22.92543792724609375, 0., 0., 0., 0., 0., 0., 0., 0., 0., 0., 0., 0., 0., 0., 0., 0., 0., 0., 0., 0., 0., 40.84148406982421875, 42.328861236572265625, 43.15911102294921875, 43.303924560546875, 42.765178680419921875, 41.561908721923828125, 39.78066253662109375, 37.4151153564453125, 34.512386322021484375, 31.2856731414794921875, 27.8147335052490234375, 24.2151432037353515625]
heater.modulation_start=[35., 35.]
