last-generated=2014-11-27
pump.vol.T=[293.14999389648437500000, 303.87817382812500000000, 318.09027099609375000000, 322.59155273437500000000, 323.12677001953125000000, 323.15078735351562500000, 323.14849853515625000000, 323.15014648437500000000, 323.14999389648437500000, 323.15011596679687500000, 323.14984130859375000000, 323.14819335937500000000, 323.14703369140625000000, 323.15008544921875000000, 323.14999389648437500000, 323.14999389648437500000, 323.14999389648437500000, 323.14999389648437500000, 323.14999389648437500000, 323.14999389648437500000, 323.14999389648437500000, 323.14999389648437500000, 323.14999389648437500000, 323.14999389648437500000, 323.14999389648437500000, 323.14999389648437500000, 323.14999389648437500000, 323.14999389648437500000, 323.14999389648437500000, 323.14999389648437500000, 323.14999389648437500000, 323.14999389648437500000, 323.14999389648437500000, 323.14999389648437500000, 323.14999389648437500000, 323.14999389648437500000, 323.14999389648437500000, 323.14999389648437500000, 323.14999389648437500000, 323.14999389648437500000, 323.14999389648437500000, 323.14999389648437500000, 323.14999389648437500000, 323.14999389648437500000, 323.14999389648437500000, 323.14999389648437500000, 323.14999389648437500000, 323.14999389648437500000, 323.14999389648437500000, 323.14999389648437500000, 323.14999389648437500000, 337.48611450195312500000, 348.41012573242187500000, 353.08563232421875000000, 350.34777832031250000000, 340.88131713867187500000, 327.02758789062488631316, 312.21447753906261368684, 300.10995483398437500000, 293.70220947265625000000, 294.58734130859375000000, 302.53909301757812500000, 315.58956909179687500000, 330.50939941406250000000, 343.60568237304687500000, 351.64901733398437500000, 352.63757324218750000000, 346.33035278320312500000, 334.28903198242176131316, 319.49368286132823868684, 305.60250854492187500000, 296.04998779296875000000, 293.20062255859375000000, 297.76214599609375000000, 308.60671997070312500000, 323.04556274414062500000, 337.51065063476562500000, 348.42233276367187500000, 353.08383178710937500000, 350.33782958984375000000, 340.86706542968750000000, 327.01351928710926131316, 312.20477294921875000000, 300.10327148437500000000, 293.70111083984375000000, 294.58538818359375000000, 302.53817749023437500000, 315.58892822265625000000, 330.50946044921875000000, 343.60748291015625000000, 351.64916992187500000000, 352.63876342773437500000, 346.33288574218750000000, 334.29071044921875000000, 319.49371337890625000000, 305.60299682617187500000, 296.04885864257812500000, 293.20446777343750000000, 297.76428222656250000000, 308.60623168945312500000, 323.04559326171875000000]
time=[0.00000000000000000000, 40000.00000000000000000000]
