last-generated=2015-07-03
statistics-simulation={'numerical Jacobians': '0', 'nonlinear': ' ', 'number of continuous time states': '3', 'linear': ' '}
senMasFlo.m_flow=[1., 1., 1., 1., 1., 1., 1., 1., 1., 1., 1., 1., 1., 1., 1., 1., 1., 1., 1., 0.00004484481542021967, -0.00000120051913654606, -0.00000010813241857477, -0.0000000128307071634, -0.00000000562694824069, -0.00000000051815635116, -0.00000000039962180787, -0.00000000028108726458, -0.00000000016255273516, -0.00000000004401820228, -0.00000000000840895582, -0.00000000000742566338, -0.00000000000644237051, -0.00000000000545907807, -0.00000000000447578563, -0.00000000000349249319, -0.00000000000250920075, -0.00000000000152590831, 0.99997699260711669922, 1.00000166893005371094, 1.00000023841857910156, 1., 1., 1., 1., 1., 1., 1., 1., 1., 1., 1., 1., 1., 1., 1., 0.00004484481905819848, -0.00000120051913654603, -0.00000010813241857477, -0.0000000128307071634, -0.00000000562694824069, -0.00000000051815635116, -0.00000000039962180787, -0.00000000028108726458, -0.00000000016255273516, -0.00000000004401820228, -0.00000000000840895582, -0.00000000000742566338, -0.00000000000644237051, -0.00000000000545907807, -0.00000000000447578563, -0.00000000000349249319, -0.00000000000250920075, -0.00000000000152590831, 0.99997699260711669922, 1.00000166893005371094, 1.00000023841857910156, 1., 1., 1., 1., 1., 1., 1., 1., 1., 1., 1., 1., 1., 1., 1., 0.00004484481905819848, -0.00000120051913654606, -0.00000010813241857477, -0.0000000128307071634, -0.00000000562694824069, -0.00000000051579523985, -0.00000000038927536194, -0.00000000026275551179, -0.00000000013623567552, -0.0000000000097158245]
pulse.y=[1., 1., 1., 1., 1., 1., 1., 1., 1., 1., 1., 1., 1., 1., 1., 1., 1., 1., 1., 0., 0., 0., 0., 0., 0., 0., 0., 0., 0., 0., 0., 0., 0., 0., 0., 0., 0., 1., 1., 1., 1., 1., 1., 1., 1., 1., 1., 1., 1., 1., 1., 1., 1., 1., 1., 0., 0., 0., 0., 0., 0., 0., 0., 0., 0., 0., 0., 0., 0., 0., 0., 0., 0., 1., 1., 1., 1., 1., 1., 1., 1., 1., 1., 1., 1., 1., 1., 1., 1., 1., 1., 0., 0., 0., 0., 0., 0., 0., 0., 0., 0.]
time=[0., 10000.]
