last-generated=2014-04-10
pipe_HeatPort.port_b.h_outflow=[83680.00000000000000000000, 83779.50000221072696149349, 83878.01562937779817730188, 83975.55469400121364742517, 84072.13282108446583151817, 84167.75780540448613464832, 84262.42970012000296264887, 84356.17968471650965511799, 84449.05470400533522479236, 84541.00777974080119747669, 84632.04686149003100581467, 84722.17188033879210706800, 84811.38283628360659349710, 84899.67972940942854620516, 84987.32030729392135981470, 85074.14838595139735843986, 85160.14065557991852983832, 85245.29685982878436334431, 85329.60931492981035262346, 85413.09376978124782908708, 85495.73435047133534681052, 85577.53911579716077540070, 85658.50782209260796662420, 85738.63277921926055569202, 85817.92972976565943099558, 85896.38281250000000000000, 85974.00007353708497248590, 86051.49210447742370888591, 86128.46092835908348206431, 86204.71881326926813926548, 86280.26553526724455878139, 86355.10935722108115442097, 86429.24224022206908557564, 86502.67177911121689248830, 86575.39841158600756898522, 86647.40629267776967026293, 86718.71864835565793327987, 86789.32027895383362192661, 86859.21097061775799375027, 86928.39853584746015258133, 86996.87495934785692952573, 87064.64846158395812381059, 87131.71102488582255318761, 87198.07026522616797592491, 87263.71876555305789224803, 87328.66413938051846344024, 87392.89838413997495081276, 87456.42969502041523810476, 87519.25006692936585750431, 87581.36712852877099066973, 87642.77343750000000000000, 87703.46880751750722993165, 87763.46886361943325027823, 87823.57829766428039874882, 87883.68737150759261567146, 87943.19524186037597246468, 88002.10936101136030629277, 88060.42191643384285271168, 88118.13290820109250489622, 88175.25014874832413624972, 88231.75767839181935414672, 88287.67179537327319849283, 88342.99216123715450521559, 88397.71096340895746834576, 88451.82820188869663979858, 88505.34387675086327362806, 88558.26548680338601116091, 88610.57803809976030606776, 88662.30465067613113205880, 88713.42188710735354106873, 88763.94537228989065624774, 88813.86729386454680934548, 88863.19517202167480718344, 88911.91397003986639901996, 88960.03901686596509534866, 89007.57031250000000000000, 89054.49223190470365807414, 89100.82040019184933044016, 89146.55481724966375622898, 89192.20302550849737599492, 89238.28900778573006391525, 89283.87498917788616381586, 89328.97659454627137165517, 89373.59382392713450826705, 89417.71886494188220240176, 89461.35145893867593258619, 89504.50775103374326135963, 89547.16404225339647382498, 89589.33595746722130570561, 89631.02349667523230891675, 89672.21884750782919581980, 89712.92176876583835110068, 89753.14055824393290095031, 89792.87497172552684787661, 89832.11719678540248423815, 89870.87504582029941957444, 89909.14070647071639541537, 89946.91395498994097579271, 89984.20305429518339224160, 90021.00777759462653193623, 90057.32031250000000000000]
time=[0.00000000000000000000, 1.00000000000000000000]
