last-generated=2015-08-14
statistics-simulation={'numerical Jacobians': '0', 'nonlinear': '1', 'number of continuous time states': '6', 'linear': '0'}
der(QBoiler)=[0., 0., 0., 0., 0., 0., 0., 0., 0., 0., 0., 3000., 3000., 3000., 3000., 3000., 0., 0., 0., 0., 0., 3000., 3000., 3000., 3000., 3000., 0., 0., 0., 0., 0., 3000., 3000., 3000., 3000., 3000., 0., 0., 0., 0., 0., 0., 0., 0., 0., 0., 0., 0., 0., 0., 0., 0., 0., 0., 0., 0., 0., 0., 0., 0., 0., 0., 0., 0., 0., 0., 0., 0., 0., 0., 0., 0., 0., 0., 0., 0., 0., 0., 0., 0., 0., 0., 0., 0., 0., 0., 0., 0., 0., 0., 0., 0., 0., 0., 0., 0., 0., 0., 0., 0., 0.]
der(QRadiator)=[0., 0., 0., 0., 0., 0., 0., 0., 0., 0., 0., 1245.1490478515625, 2205.433837890625, 2662.13671875, 2860.00390625, 2942.6025390625, 1155.1690673828125, 535.4969482421875, 278.9906005859375, 158.2373809814453125, 95.7962493896484375, 1712.6400146484375, 2435.85400390625, 2762.496826171875, 2902.3818359375, 2959.70166015625, 1160.5743408203125, 537.59356689453125, 279.93063354492130656581, 158.70492553710971606051, 96.0472564697265625, 1714.0340576171875, 2436.51416015625, 2762.787353515625, 2902.50439453125, 2959.746826171875, 1160.588623046875, 537.59906005859375, 279.933135986328125, 158.706146240234375, 96.0476837158203125, 310.9429931640625, 187.9738006591796875, 119.699127197265625, 79.42083740234375, 54.6107635498046875, 36.632541656494140625, 25.3795528411865234375, 18.1579647064208984375, 13.34713077545166015625, 10.0225238800048828125, 11.741222381591796875, 9.2883892059326171875, 7.40715694427490234375, 5.93481302261352539062, 4.79873180389403497514, 3.80666923522948597025, 3.04907131195068847873, 2.46240282058716219993, 2.00245213508605957031, 1.637973785400390625, 1.36599910259246826172, 1.14557707309722900391, 0.96514439582824707031, 0.81732594966888427734, 0.69721281528472900391, 0.59257608652114868164, 0.50532877445220947266, 0.43425250053405761719, 0.37261629104614257812, 0.32101342082023620605, 0.28319227695465087891, 0.25056198239326477051, 0.22226740419864654541, 0.19739280641078948975, 0.17549201846122741699, 0.15656456351280212402, 0.14000758528709411621, 0.12522070109844207764, 0.11250543594360351562, 0.10152779519557952881, 0.09219734370708465576, 0.08387721329927444458, 0.07643505185842514038, 0.06971851736307144165, 0.06365231424570083618, 0.0582360588014125824, 0.05330137908458709717, 0.04867671802639961243, 0.04447651281952857971, 0.04068447649478912354, 0.03762373700737953186, 0.03483635559678077698, 0.03229264542460441589, 0.02995675057172775269, 0.02781078405678272247, 0.0258546099066734314, 0.02406027913093566895, 0.02239906974136829376, 0.02088574506342411041, 0.01951537281274795532]
time=[0., 100000.]
