last-generated=2015-06-28
statistics-simulation={'numerical Jacobians': '0', 'nonlinear': '1', 'number of continuous time states': '12', 'linear': '0'}
pump1.vol.T=[288.149993896484375, 288.149993896484375, 288.149993896484375, 288.149993896484375, 288.149993896484375, 288.149993896484375, 288.149993896484375, 288.149993896484375, 288.149993896484375, 288.149993896484375, 288.149993896484375, 288.149993896484375, 288.149993896484375, 288.149993896484375, 288.149993896484375, 288.149993896484375, 288.149993896484375, 288.149993896484375, 288.149993896484375, 288.149993896484375, 288.149993896484375, 288.149993896484375, 288.149993896484375, 288.149993896484375, 288.149993896484375, 288.149993896484375, 288.149993896484375, 288.149993896484375, 288.149993896484375, 288.149993896484375, 308.149993896484375, 308.149993896484375, 308.149993896484375, 295.649993896484375, 295.649993896484375, 308.14999389648323813162, 308.149993896484375, 308.149993896484375, 295.649993896484375, 295.649993896484375, 295.649993896484375, 308.149993896484375, 308.149993896484375, 308.149993896484375, 295.649993896484375, 295.649993896484375, 295.649993896484375, 308.149993896484375, 308.149993896484375, 308.149993896484375, 295.649993896484375, 295.649993896484375, 295.649993896484375, 304.52374267578125, 296.942291259765625, 291.30252075195306815658, 286.766998291015625, 286.766998291015625, 286.766998291015625, 287.41583251953125, 285.0655517578125, 283.530059814453125, 283.530059814453125, 283.530059814453125, 283.856231689453125, 283.63031005859375, 283.496734619140625, 283.282623291015625, 283.282623291015625, 283.282623291015625, 283.383697509765625, 283.318328857421875, 283.271636962890625, 283.199951171875, 283.199951171875, 283.199951171875, 283.2313232421875, 283.20904541015625, 283.19232177734375, 283.168609619140625, 283.168609619140625, 283.168609619140625, 283.178253173828125, 283.170684814453125, 283.164764404296875, 283.157012939453125, 283.157012939453125, 283.157012939453125, 283.15997314453125, 283.15740966796875, 283.1527099609375, 283.1527099609375, 283.1527099609375, 283.155029296875, 283.15362548828125, 283.152740478515625, 283.151092529296875, 283.151092529296875, 283.151092529296875, 283.151885986328125, 283.1513671875]
time=[0., 86400.]
