last-generated=2015-01-20
heater.TSet=[308.14999389648437500000, 308.14999389648437500000]
heater.Tin.T=[293.14999389648437500000, 303.14996337890625000000, 303.14999389648437500000, 303.14999389648437500000, 303.14999389648437500000, 303.14999389648437500000, 303.14999389648437500000, 303.14999389648437500000, 303.14999389648437500000, 303.14999389648437500000, 303.14999389648437500000, 303.14999389648437500000, 303.14999389648437500000, 303.14999389648437500000, 303.14999389648437500000, 303.14999389648437500000, 303.14999389648437500000, 303.14999389648437500000, 303.14999389648437500000, 303.14999389648437500000, 303.14999389648437500000, 303.14999389648437500000, 303.14999389648437500000, 303.14999389648437500000, 303.14999389648437500000, 303.14999389648437500000, 303.14999389648437500000, 303.14999389648437500000, 303.14999389648437500000, 303.14999389648437500000, 303.14999389648437500000, 303.14999389648437500000, 303.14999389648437500000, 303.14999389648437500000, 303.62121582031250000000, 304.35574340820312500000, 305.05050659179687500000, 305.67312622070312500000, 306.20825195312500000000, 306.63867187500000000000, 306.94458007812500000000, 307.11407470703125000000, 307.14385986328125000000, 307.03228759765625000000, 306.78393554687500000000, 306.41232299804687500000, 305.91479492187500000000, 305.32519531250000000000, 304.65368652343750000000, 303.93164062500000000000, 303.18463134765625000000, 302.43405151367187500000, 301.71383666992187500000, 301.03475952148437500000, 300.43725585937500000000, 299.93182373046875000000, 299.54370117187500000000, 299.28341674804687500000, 299.16009521484375000000, 299.17788696289062500000, 299.33529663085937500000, 299.62796020507812500000, 300.04351806640625000000, 300.57171630859375000000, 301.18927001953125000000, 301.88595581054687500000, 302.61987304687500000000, 303.36993408203125000000, 304.10995483398437500000, 304.82574462890625000000, 305.47573852539062500000, 306.04199218750000000000, 306.50482177734375000000, 306.85208129882812500000, 307.06869506835937500000, 307.14895629882812500000, 307.08575439453125000000, 306.88275146484375000000, 306.54711914062500000000, 306.09588623046875000000, 305.52914428710937500000, 304.89163208007812500000, 304.17767333984375000000, 303.43554687500000000000, 302.68124389648437500000, 301.94430541992187500000, 301.25643920898437500000, 300.63174438476562500000, 300.08792114257812500000, 299.65948486328125000000, 299.35711669921875000000, 299.18560791015625000000, 299.15618896484375000000, 299.26794433593750000000, 299.51434326171875000000, 299.88882446289062500000, 300.38742065429687500000, 300.97918701171875000000, 301.64956665039062500000, 302.37274169921875000000, 303.11990356445312500000]
time=[0.00000000000000000000, 15000.00000000000000000000]
heater.modulation_min=[20.00000000000000000000, 20.00000000000000000000]
heater.modulation_start=[35.00000000000000000000, 35.00000000000000000000]
