last-generated=2015-07-05
statistics-simulation={'numerical Jacobians': '1', 'nonlinear': '11, 1', 'number of continuous time states': '5', 'linear': '0'}
pump.vol.T=[293.149993896484375, 303.894927978515625, 318.076446533203125, 322.60076904296875, 323.128265380859375, 323.150146484375, 323.1502685546875, 323.1500244140625, 323.149993896484375, 323.149993896484375, 323.149993896484375, 323.149993896484375, 323.149993896484375, 323.149993896484375, 323.149993896484375, 323.149993896484375, 323.149993896484375, 323.149993896484375, 323.149993896484375, 323.149993896484375, 323.149993896484375, 323.149993896484375, 323.149993896484375, 323.149993896484375, 323.149993896484375, 323.149993896484375, 323.149993896484375, 323.149993896484375, 323.149993896484375, 323.149993896484375, 323.149993896484375, 323.149993896484375, 323.149993896484375, 323.149993896484375, 323.149993896484375, 323.149993896484375, 323.149993896484375, 323.149993896484375, 323.149993896484375, 323.149993896484375, 323.149993896484375, 323.149993896484375, 323.149993896484375, 323.149993896484375, 323.149993896484375, 323.149993896484375, 323.149993896484375, 323.149993896484375, 323.149993896484375, 323.149993896484375, 323.149993896484375, 337.486175537109375, 348.410308837890625, 353.08270263671875, 350.3470458984375, 340.881683349609375, 327.02764892578113631316, 312.21447753906261368684, 300.1072998046875, 293.702606201171875, 294.585052490234375, 302.53533935546875, 315.5855712890625, 330.509490966796875, 343.609832763671875, 351.64910888671875, 352.637847900390625, 346.33062744140625, 334.29113769531238631316, 319.49362182617198868684, 305.602935791015625, 296.050018310546875, 293.20294189453125, 297.764984130859375, 308.606170654296875, 323.04559326171875, 337.510894775390625, 348.42364501953125, 353.084136962890625, 350.33892822265625, 340.867645263671875, 327.01351928710926131316, 312.2066650390625, 300.1014404296875, 293.701263427734375, 294.586395263671875, 302.538238525390625, 315.587738037109375, 330.509490966796875, 343.609832763671875, 351.64910888671875, 352.637847900390625, 346.33062744140625, 334.2911376953125, 319.493621826171875, 305.602935791015625, 296.050018310546875, 293.20294189453125, 297.764984130859375, 308.606170654296875, 323.04559326171875]
time=[0., 40000.]
