last-generated=2014-12-17
senTem.T=[293.14999389648437500000, 286.47863769531250000000, 288.96426391601562500000, 291.18972778320312500000, 292.78329467773437500000, 293.59704589843750000000, 292.82427978515625000000, 293.18530273437500000000, 293.82498168945312500000, 294.38973999023437500000, 294.88806152343750000000, 294.93603515625000000000, 294.93582153320312500000, 294.93582153320312500000, 294.93582153320312500000, 294.93582153320312500000, 294.93582153320312500000, 294.93582153320312500000, 294.93582153320312500000, 294.93582153320312500000, 294.93582153320312500000, 294.50280761718750000000, 293.95864868164062500000, 293.35391235351562500000, 292.75680541992187500000, 293.40673828125000000000, 293.28930664062500000000, 292.03640747070312500000, 290.35552978515625000000, 288.18621826171875000000, 286.14636230468750000000, 286.14636230468750000000, 286.14636230468750000000, 286.14636230468750000000, 286.14636230468750000000, 286.14636230468750000000, 286.14636230468750000000, 286.14636230468750000000, 286.14636230468750000000, 286.14636230468750000000, 286.14636230468750000000, 286.14636230468750000000, 286.14636230468750000000, 286.14636230468750000000, 286.14636230468750000000, 286.14636230468750000000, 286.14636230468750000000, 286.14636230468750000000, 286.14636230468750000000, 286.14636230468750000000, 286.14636230468750000000, 285.60195922851562500000, 288.96124267578125000000, 291.19552612304687500000, 292.77847290039062500000, 293.59033203125000000000, 292.82290649414062500000, 293.18350219726562500000, 293.82492065429687500000, 294.38980102539062500000, 294.88809204101562500000, 294.93603515625000000000, 294.93582153320312500000, 294.93582153320312500000, 294.93582153320312500000, 294.93582153320312500000, 294.93582153320312500000, 294.93582153320312500000, 294.93582153320312500000, 294.93582153320312500000, 294.93582153320312500000, 294.50280761718750000000, 293.95864868164062500000, 293.35391235351562500000, 292.75680541992187500000, 293.40673828125000000000, 293.28930664062500000000, 292.03640747070312500000, 290.35552978515625000000, 288.18621826171875000000, 286.14636230468750000000, 286.14636230468750000000, 286.14636230468750000000, 286.14636230468750000000, 286.14636230468750000000, 286.14636230468750000000, 286.14636230468750000000, 286.14636230468750000000, 286.14636230468750000000, 286.14636230468750000000, 286.14636230468750000000, 286.14636230468750000000, 286.14636230468750000000, 286.14636230468750000000, 286.14636230468750000000, 286.14636230468750000000, 286.14636230468750000000, 286.14636230468750000000, 286.14636230468750000000, 286.14636230468750000000, 286.14636230468750000000]
time=[0.00000000000000000000, 10000.00000000000000000000]
