last-generated=2015-06-27
statistics-initialization={'numerical Jacobians': '0', 'nonlinear': '3', 'linear': '3'}
statistics-simulation={'numerical Jacobians': '0', 'nonlinear': '3', 'number of continuous time states': '2', 'linear': '3'}
del.T=[283.149993896484375, 283.5133056640625, 283.961334228515625, 284.3896484375, 284.798919677734375, 285.189910888671875, 285.563323974609375, 285.919891357421875, 286.260223388671875, 286.58502197265625, 286.89495849609375, 287.190704345703125, 287.47283935546875, 287.7420654296875, 287.998809814453125, 288.24371337890625, 288.47723388671875, 288.699920654296875, 288.912261962890625, 289.114654541015625, 289.3076171875, 289.4915771484375, 289.6668701171875, 289.833892822265625, 289.9930419921875, 290.1446533203125, 290.28912353515625, 290.426727294921875, 290.55780029296875, 290.682647705078125, 290.80157470703125, 290.914794921875, 291.02264404296875, 291.125335693359375, 291.223114013671875, 291.31622314453125, 291.404876708984375, 291.4892578125, 291.569610595703125, 291.6461181640625, 291.71893310546875, 291.78826904296875, 291.854248046875, 291.91705322265625, 291.976837158203125, 292.033721923828125, 292.087860107421875, 292.139404296875, 292.188446044921875, 292.235107421875, 292.279510498046875, 292.32177734375, 292.361968994140625, 292.400238037109375, 292.4366455078125, 292.471282958984375, 292.5042724609375, 292.53564453125, 292.565460205078125, 292.5938720703125, 292.620880126953125, 292.646575927734375, 292.671051025390625, 292.6943359375, 292.71649169921875, 292.737579345703125, 292.75762939453125, 292.776702880859375, 292.79486083984375, 292.8121337890625, 292.82861328125, 292.84423828125, 292.859130859375, 292.873291015625, 292.886749267578125, 292.899566650390625, 292.911773681640625, 292.92340087890625, 292.934417724609375, 292.944915771484375, 292.954925537109375, 292.96441650390625, 292.97344970703125, 292.9820556640625, 292.990234375, 292.998016357421875, 293.00543212890625, 293.012451171875, 293.0191650390625, 293.0255126953125, 293.031585693359375, 293.037353515625, 293.0428466796875, 293.048065185546875, 293.05303955078125, 293.0577392578125, 293.062225341796875, 293.0665283203125, 293.070587158203125, 293.074462890625, 293.078155517578125]
time=[0., 300.]
