last-generated=2015-07-05
statistics-simulation={'numerical Jacobians': '0', 'nonlinear': ' ', 'number of continuous time states': '2', 'linear': ' '}
temperature.T=[293.149993896484375, 321.52032470703125, 331.3499755859375, 332.31640625, 324.05072021484375, 309.714447021484375, 294.778411865234375, 284.95025634765625, 283.98358154296875, 292.24749755859375, 306.585540771484375, 321.5211181640625, 331.348907470703125, 332.315399169921875, 324.0516357421875, 309.713897705078125, 294.77886962890625, 284.951080322265625, 283.983734130859375, 292.24749755859375, 306.585479736328125, 321.521026611328125, 331.34814453125, 332.315460205078125, 324.052490234375, 309.71429443359375, 294.779052734375, 284.951019287109375, 283.983642578125, 292.24746704101556815658, 306.585479736328125, 321.521026611328125, 331.34814453125, 332.31512451171875, 324.05303955078125, 309.714324951171875, 294.779083251953125, 284.95098876953125, 283.98358154296875, 292.24749755859375, 306.585540771484375, 321.521026611328125, 331.348358154296875, 332.314422607421875, 324.05218505859375, 309.71484375, 294.778900146484375, 284.950958251953125, 283.98382568359375, 292.247589111328125, 306.585479736328125, 321.521026611328125, 331.349273681640625, 332.316192626953125, 324.052490234375, 309.71447753906238631316, 294.77896118164051131316, 284.95071411132818184342, 283.983795166015625, 292.247589111328125, 306.58551025390625, 321.521026611328125, 331.349273681640625, 332.316162109375, 324.052459716796875, 309.714508056640625, 294.778961181640625, 284.950714111328125, 283.9837646484375, 292.247589111328125, 306.58551025390625, 321.521026611328125, 331.349273681640625, 332.316162109375, 324.052459716796875, 309.714508056640625, 294.778961181640625, 284.95074462890625, 283.9837646484375, 292.24755859375, 306.58551025390625, 321.521026611328125, 331.34930419921875, 332.316162109375, 324.05242919921875, 309.714508056640625, 294.778961181640625, 284.95074462890625, 283.983795166015625, 292.247528076171875, 306.58551025390625, 321.521026611328125, 331.3487548828125, 332.315338134765625, 324.05224609375, 309.714263916015625, 294.77899169921875, 284.951141357421875, 283.983551025390625, 292.247528076171875, 306.58538818359375]
cold.T=[283.149993896484375, 283.149993896484375]
hot.T=[333.149993896484375, 333.149993896484375]
time=[0., 100.]
