last-generated=2015-07-04
statistics-simulation={'numerical Jacobians': '0', 'nonlinear': ' ', 'number of continuous time states': '1', 'linear': ' '}
pipe_HeatPort.port_b.h_outflow=[83680., 83779.50000221072696149349, 83878.01562937779817730188, 83975.55469400121364742517, 84072.13282108446583151817, 84167.75780540448613464832, 84262.42970012000296264887, 84356.17968471650965511799, 84449.05470400533522479236, 84541.00777974080119747669, 84632.04686149003100581467, 84722.171880338792107068, 84811.3828362836065934971, 84899.67972940942854620516, 84987.3203072939213598147, 85074.14838595139735843986, 85160.14065557991852983832, 85245.29685982878436334431, 85329.60931492981035262346, 85413.09376978124782908708, 85495.73435047133534681052, 85577.5391157971607754007, 85658.5078220926079666242, 85738.63277921926055569202, 85817.92972976565943099558, 85896.3828125, 85974.0000735370849724859, 86051.15616748033789917827, 86127.64061591961944941431, 86203.35943778032378759235, 86278.30459851230261847377, 86352.48435738871921785176, 86425.89848966327554080635, 86498.53896763567172456533, 86570.41403689334401860833, 86641.51566711897612549365, 86711.85146230852114968002, 86781.42184197537426371127, 86850.21878259621735196561, 86918.2500966710940701887, 86986.20308446427225135267, 87053.84377405601844657212, 87120.85946238582255318761, 87187.24995269822829868644, 87253.02345309962402097881, 87318.17976470648136455566, 87382.71088387920462992042, 87446.62500757629459258169, 87509.91413001609907951206, 87572.58587796997744590044, 87634.6328125, 87696.06255822529783472419, 87756.87511525853187777102, 87817.05485871144628617913, 87876.62487268104450777173, 87935.57024251228722278029, 87993.89842365105869248509, 88051.60160348680801689625, 88108.67978215802577324212, 88165.14858450678002554923, 88220.98424247503862716258, 88276.21085882320767268538, 88330.80466159104253165424, 88384.78908805505488999188, 88438.14851327112410217524, 88490.88293738824722822756, 88543.57017327894573099911, 88596.36709975227131508291, 88648.6327752849756507203, 88700.37501225636515300721, 88751.58599817463255021721, 88802.26573312471737153828, 88852.42173206302686594427, 88902.04678075175615958869, 88951.14057839740416966379, 88999.7109375, 89047.75004552227619569749, 89095.26571500148565974087, 89142.25013343764294404536, 89188.70302575993991922587, 89234.62494551854615565389, 89280.02342672445229254663, 89324.89846935069363098592, 89369.23444847080099862069, 89413.04698912233288865536, 89456.3358347768516978249, 89499.08587664841616060585, 89541.31247997689933981746, 89583.01564472507743630558, 89624.1875584488152526319, 89664.82822111085988581181, 89704.94520780249149538577, 89744.67962074393290095031, 89784.39059675346652511507, 89823.61719678540248423815, 89862.36723336686554830521, 89900.63289397071639541537, 89938.41395498994097579271, 89975.71867922067758627236, 90012.53902759462653193623, 90048.8828125]
time=[0., 1.]
