last-generated=2017-12-20
statistics-simulation=
{
  "numerical Jacobians": "0", 
  "nonlinear": " ", 
  "linear": " "
}
conAirWithC.outlet.forward.X_w=[9.999999776482582e-03, 9.999999776482582e-03]
conAirNoC.outlet.forward.X_w=[9.999999776482582e-03, 9.999999776482582e-03]
time=[0e+00, 1e+00]
conDryAirWithC.outlet.forward.C[1]=[9.999999747378752e-06, 9.999999747378752e-06]
conAirWithC.outlet.forward.C[1]=[9.999999747378752e-06, 9.999999747378752e-06]
conAirWithC.X_wZon=[1.499999966472387e-02, 1.499999966472387e-02]
conAirNoC.X_wZon=[1.499999966472387e-02, 1.499999966472387e-02]
conAirWithC.CZon[1]=[6.99999988079071e-01, 6.99999988079071e-01]
conDryAirWithC.CZon[1]=[6.99999988079071e-01, 6.99999988079071e-01]
