last-generated=2015-03-03
pump.vol.T=[293.14999389648437500000, 303.89422607421875000000, 318.07656860351562500000, 322.60153198242187500000, 323.12976074218750000000, 323.15603637695312500000, 323.14956665039062500000, 323.15075683593750000000, 323.15029907226562500000, 323.14993286132812500000, 323.15008544921875000000, 323.15014648437500000000, 323.14999389648437500000, 323.14999389648437500000, 323.14999389648437500000, 323.14999389648437500000, 323.14999389648437500000, 323.14999389648437500000, 323.14999389648437500000, 323.14999389648437500000, 323.14999389648437500000, 323.14999389648437500000, 323.14999389648437500000, 323.14999389648437500000, 323.14999389648437500000, 323.14999389648437500000, 323.14999389648437500000, 323.14999389648437500000, 323.14999389648437500000, 323.14999389648437500000, 323.14999389648437500000, 323.14999389648437500000, 323.14999389648437500000, 323.14999389648437500000, 323.14999389648437500000, 323.14999389648437500000, 323.14999389648437500000, 323.14999389648437500000, 323.14999389648437500000, 323.14999389648437500000, 323.14999389648437500000, 323.14999389648437500000, 323.14999389648437500000, 323.14999389648437500000, 323.14999389648437500000, 323.14999389648437500000, 323.14999389648437500000, 323.14999389648437500000, 323.14999389648437500000, 323.14999389648437500000, 323.14999389648437500000, 337.48611450195312500000, 348.41009521484375000000, 353.08236694335937500000, 350.34704589843750000000, 340.88119506835937500000, 327.02764892578113631316, 312.21447753906261368684, 300.10809326171875000000, 293.70294189453125000000, 294.58856201171875000000, 302.53558349609375000000, 315.59240722656250000000, 330.50939941406250000000, 343.60928344726562500000, 351.64926147460937500000, 352.63732910156250000000, 346.33139038085937500000, 334.28930664062488631316, 319.49365234375011368684, 305.60217285156250000000, 296.04968261718750000000, 293.20324707031250000000, 297.76452636718750000000, 308.60922241210937500000, 323.04559326171875000000, 337.51086425781250000000, 348.42355346679687500000, 353.08358764648437500000, 350.33901977539062500000, 340.86724853515625000000, 327.01351928710926131316, 312.20352172851562500000, 300.10131835937500000000, 293.70263671875000000000, 294.58749389648437500000, 302.53805541992187500000, 315.58831787109375000000, 330.50939941406250000000, 343.60928344726562500000, 351.64926147460937500000, 352.63732910156250000000, 346.33139038085937500000, 334.28930664062500000000, 319.49365234375000000000, 305.60217285156250000000, 296.04968261718750000000, 293.20324707031250000000, 297.76452636718750000000, 308.60922241210937500000, 323.04559326171875000000]
time=[0.00000000000000000000, 40000.00000000000000000000]
