last-generated=2015-06-27
statistics-simulation={'numerical Jacobians': '0', 'nonlinear': ' ', 'number of continuous time states': '3', 'linear': ' '}
embeddedPipe.dp=[19415.505859375, 19415.505859375, 19415.505859375, 19415.505859375, 19415.505859375, 19415.505859375, 19415.505859375, 19415.505859375, 19415.505859375, 19415.505859375, 19415.505859375, 19415.505859375, 19415.505859375, 19415.505859375, 19415.505859375, 19415.505859375, 19415.505859375, 19415.505859375, 19415.505859375, 19415.505859375, 19415.505859375, 19415.505859375, 19415.505859375, 19415.505859375, 19415.505859375, 19415.505859375, 19415.505859375, 19415.505859375, 19415.505859375, 19415.505859375, 19415.505859375, 19415.505859375, 19415.505859375, 19415.505859375, 19415.505859375, 19415.505859375, 19415.505859375, 1002.3946533203125, 164.3434295654296875, 30.9228363037109375, 6.12693929672241210938, 1.15320634841918945312, 0.18999880552291870117, 0.16061505675315856934, 0.08260376006364822388, 0.04155987128615379333, 0.01837029680609703064, 0.01276875194162130356, 0.00716720754280686378, 0.003200864652171731, 0.00270144245587289333, 0.00220202025957405567, 0.00170259817969053984, 0.001203176099807024, 0.00070375396171584725, 0.00029520568205043674, 0.000271903147222474, 0.00024860061239451192, 0.00022529810667037964, 0.00020199557184241712, 0.00017869305156636983, 0.00015539051673840731, 0.00013208799646236002, 0.00010878547618631274, 0.00008548294135835022, 0.00006218042108230293, 0.00003887788625434041, 0.00001557536597829312, 0.0000134629663079977, 0.00001290634099859745, 0.00001234971568919718, 0.00001179310493171215, 0.00001123647962231189, 12776.013671875, 18052.3359375, 19153.32421875, 19363.654296875, 19403.748046875, 19414.212890625, 19414.8515625, 19414.708984375, 19415.126953125, 19415.34375, 19415.400390625, 19415.4296875, 19415.45703125, 19415.486328125, 19415.490234375, 19415.4921875, 19415.494140625, 19415.49609375, 19415.5, 19415.501953125, 19415.50390625, 19415.50390625, 19415.50390625, 19415.50390625, 19415.50390625, 19415.50390625, 19415.50390625, 19415.50390625]
time=[0., 10000.]
