last-generated=2015-07-03
statistics-simulation={'numerical Jacobians': '0', 'nonlinear': ' ', 'linear': ' '}
biquadratic.y=[29., 29.62350083800476951978, 30.25399973845625467561, 30.8915005160516749072, 31.53599935609388538182, 32.1874999512510910904, 32.84600076026025305964, 33.51150129233845831322, 34.18399822891477413123, 34.86349844373630446626, 35.54999913434753722186, 36.24349979744593497344, 36.94400043315768300545, 37.65150104126336572108, 38.36600108639626682816, 39.08750109415401396973, 39.81600215411928189724, 40.55149828106850407039, 41.2939981851852166983, 42.0434991726175226745, 42.79999901077304258479, 43.56349995403104458092, 44.33399972614124351367, 45.11149946081261674635, 45.89600033154220426468, 46.6875, 47.48600082655529774911, 48.29149922434675090699, 49.10399999436205575876, 49.92350074838893192464, 50.74999901140400027089, 51.58349970905914716468, 52.42400039055760885276, 53.27149851879629238738, 54.1259991440912813232, 54.98749975306132142805, 55.85599774652362015104, 56.73149829945844402346, 57.61399883590006965051, 58.50350317051848492156, 59.40000098984655352297, 60.30350145376430504029, 61.21400190133438456996, 62.13149958589517041219, 63.0559999772799599782, 63.98750035248532697096, 64.92600171694880373252, 65.87149822112382935302, 66.82399852401223938614, 67.78349975367204649501, 68.75, 69.72350404515476895995, 70.70400425848224301717, 71.69150063998240796082, 72.6859948693907682582, 73.68749880280691400003, 74.69599890438857414665, 75.71150280453404946002, 76.73400287310879264169, 77.76349910988351155083, 78.80000057388143375192, 79.84349673326856589028, 80.89399669015014637807, 81.95150044521740539949, 83.01600036907579749368, 84.08750409051960161833, 85.16599753039989195713, 86.25150117440153962889, 87.34400098660316302812, 88.44349696724904674738, 89.55000437577778882314, 90.66350032310161566329, 91.78399336836793054317, 92.91149686760775239236, 94.04599653505664491604, 95.1875, 96.33599963446208391815, 97.49150306641861618573, 98.65400266647509397444, 99.82349907148530121503, 100.99999859417236791614, 102.18350191442732466385, 103.37400140380859170364, 104.57150469101240730652, 105.77600414641619863687, 106.9875001566123273733, 108.20599953466491172094, 109.43150271019376873483, 110.66400205453194871552, 111.90350519701941323092, 113.15000450769775852677, 114.4035001231616917039, 115.66399935649792496406, 116.93150238730133594345, 118.20600158660482748019, 119.48750458436686017194, 120.77600375031977364415, 122.07149897105148284027, 123.37399805967136501295, 124.68350094578572395676, 126.]
time=[0., 1.]
