last-generated=2015-06-28
statistics-simulation={'numerical Jacobians': '1', 'nonlinear': '11', 'number of continuous time states': '5', 'linear': '0'}
pump.vol.T=[293.149993896484375, 303.89422607421875, 318.076568603515625, 322.601531982421875, 323.1297607421875, 323.156036376953125, 323.149566650390625, 323.1507568359375, 323.150299072265625, 323.149932861328125, 323.15008544921875, 323.150146484375, 323.149993896484375, 323.149993896484375, 323.149993896484375, 323.149993896484375, 323.149993896484375, 323.149993896484375, 323.149993896484375, 323.149993896484375, 323.149993896484375, 323.149993896484375, 323.149993896484375, 323.149993896484375, 323.149993896484375, 323.149993896484375, 323.149993896484375, 323.149993896484375, 323.149993896484375, 323.149993896484375, 323.149993896484375, 323.149993896484375, 323.149993896484375, 323.149993896484375, 323.149993896484375, 323.149993896484375, 323.149993896484375, 323.149993896484375, 323.149993896484375, 323.149993896484375, 323.149993896484375, 323.149993896484375, 323.149993896484375, 323.149993896484375, 323.149993896484375, 323.149993896484375, 323.149993896484375, 323.149993896484375, 323.149993896484375, 323.149993896484375, 323.149993896484375, 337.486114501953125, 348.41009521484375, 353.082366943359375, 350.3470458984375, 340.881195068359375, 327.02764892578113631316, 312.21447753906261368684, 300.10809326171875, 293.70294189453125, 294.58856201171875, 302.53558349609375, 315.5924072265625, 330.5093994140625, 343.609283447265625, 351.649261474609375, 352.6373291015625, 346.331390380859375, 334.28930664062488631316, 319.49365234375011368684, 305.6021728515625, 296.0496826171875, 293.2032470703125, 297.7645263671875, 308.609222412109375, 323.04559326171875, 337.5108642578125, 348.423553466796875, 353.083587646484375, 350.339019775390625, 340.86724853515625, 327.01351928710926131316, 312.203521728515625, 300.101318359375, 293.70263671875, 294.58807373046875, 302.538543701171875, 315.58990478515625, 330.5093994140625, 343.609283447265625, 351.649261474609375, 352.6373291015625, 346.331390380859375, 334.289306640625, 319.49365234375, 305.6021728515625, 296.0496826171875, 293.2032470703125, 297.7645263671875, 308.609222412109375, 323.04559326171875]
time=[0., 40000.]
