last-generated=2014-04-10
pump.vol.T=[293.14999389648437500000, 303.87820434570312500000, 318.09863281250000000000, 322.60147094726562500000, 323.11962890625000000000, 323.14852905273437500000, 323.15069580078125000000, 323.15142822265625000000, 323.14981079101562500000, 323.14993286132812500000, 323.14999389648437500000, 323.14999389648437500000, 323.14999389648437500000, 323.14999389648437500000, 323.14999389648437500000, 323.14999389648437500000, 323.14999389648437500000, 323.14999389648437500000, 323.14999389648437500000, 323.14999389648437500000, 323.14999389648437500000, 323.14999389648437500000, 323.14999389648437500000, 323.14999389648437500000, 323.14999389648437500000, 323.14999389648437500000, 323.14999389648437500000, 323.14999389648437500000, 323.14999389648437500000, 323.14999389648437500000, 323.14999389648437500000, 323.14999389648437500000, 323.14999389648437500000, 323.14999389648437500000, 323.14999389648437500000, 323.14999389648437500000, 323.14999389648437500000, 323.14999389648437500000, 323.14999389648437500000, 323.14999389648437500000, 323.14999389648437500000, 323.14999389648437500000, 323.14999389648437500000, 323.14999389648437500000, 323.14999389648437500000, 323.14999389648437500000, 323.14999389648437500000, 323.14999389648437500000, 323.14999389648437500000, 323.14999389648437500000, 323.14999389648437500000, 337.48620605468750000000, 348.41076660156250000000, 353.08337402343750000000, 350.34634399414062500000, 340.88186645507812500000, 327.03393554687488631316, 312.21112060546886368684, 300.09985351562500000000, 293.70724487304687500000, 294.58709716796875000000, 302.53414916992187500000, 315.58554077148437500000, 330.49859619140625000000, 343.60955810546875000000, 351.64965820312500000000, 352.64013671875000000000, 346.33160400390625000000, 334.28775024414051131316, 319.48709106445323868684, 305.59893798828125000000, 296.04937744140625000000, 293.20367431640625000000, 297.76541137695312500000, 308.60623168945312500000, 323.04553222656250000000, 337.51062011718750000000, 348.42324829101562500000, 353.08288574218750000000, 350.33853149414062500000, 340.86651611328125000000, 327.01199340820301131316, 312.20223999023437500000, 300.10162353515625000000, 293.70178222656250000000, 294.58828735351562500000, 302.54064941406250000000, 315.59008789062500000000, 330.50955200195312500000, 343.60977172851562500000, 351.64758300781250000000, 352.63586425781250000000, 346.33135986328125000000, 334.28930664062500000000, 319.49212646484375000000, 305.60076904296875000000, 296.05014038085937500000, 293.20431518554687500000, 297.76721191406250000000, 308.60864257812500000000, 323.04547119140625000000]
time=[0.00000000000000000000, 40000.00000000000000000000]
