last-generated=2015-06-27
statistics-simulation={'numerical Jacobians': '0', 'nonlinear': ' ', 'number of continuous time states': '3', 'linear': ' '}
pump.vol.T=[293.149993896484375, 293.149993896484375, 293.149993896484375, 293.149993896484375, 293.149993896484375, 293.149993896484375, 293.149993896484375, 293.149993896484375, 293.149993896484375, 293.149993896484375, 293.149993896484375, 293.149993896484375, 293.149993896484375, 323.1500244140625, 323.149993896484375, 323.149993896484375, 323.149993896484375, 323.149993896484375, 323.149993896484375, 323.149993896484375, 323.149993896484375, 323.149993896484375, 323.149993896484375, 323.149993896484375, 323.149993896484375, 323.149993896484375, 323.149993896484375, 323.149993896484375, 323.149993896484375, 323.149993896484375, 323.149993896484375, 323.149993896484375, 323.149993896484375, 323.149993896484375, 323.149993896484375, 323.149993896484375, 323.149993896484375, 323.149993896484375, 323.149993896484375, 323.149993896484375, 323.149993896484375, 323.149993896484375, 323.149993896484375, 323.149993896484375, 323.149993896484375, 323.149993896484375, 323.149993896484375, 323.149993896484375, 323.149993896484375, 323.149993896484375, 323.149993896484375, 337.4830322265625, 348.40728759765625, 353.08197021484375, 350.35205078125, 340.89154052734375, 327.03921508789051131316, 312.23236083984386368684, 300.118194580078125, 293.707244873046875, 294.576568603515625, 302.514923095703125, 315.55853271484375, 330.469482421875, 343.584320068359375, 351.64141845703125, 352.643646240234375, 346.343231201171875, 334.30258178710926131316, 319.50112915039073868684, 305.6090087890625, 296.051177978515625, 293.202056884765625, 297.762481689453125, 308.6060791015625, 323.045623779296875, 337.5126953125, 348.425445556640625, 353.084869384765625, 350.339569091796875, 340.867095947265625, 327.00601196289051131316, 312.20159912109375, 300.093017578125, 293.6973876953125, 294.591033935546875, 302.561431884765625, 315.608245849609375, 330.53204345703125, 343.62017822265625, 351.660980224609375, 352.6268310546875, 346.31005859375, 334.268463134765625, 319.45574951171875, 305.57855224609375, 296.03851318359375, 293.204437255859375, 297.781585693359375, 308.6351318359375, 323.078369140625]
time=[0., 40000.]
