last-generated=2015-06-27
statistics-simulation={'numerical Jacobians': '0', 'nonlinear': ' ', 'number of continuous time states': '2', 'linear': ' '}
bou.medium.T=[283.149993896484375, 283.149993896484375]
heatedPipe.heatedPipe.heatPort.T=[293.149993896484375, 288.096343994140625, 285.704742431640625, 284.559478759765625, 284.008056640625, 283.73846435546875, 283.61810302734375, 283.56561279296875, 283.53802490234375, 283.521453857421875, 283.511383056640625, 283.50543212890625, 283.501800537109375, 283.50018310546875, 283.499237060546875, 283.499267578125, 283.499298095703125, 283.499542236328125, 283.499664306640625, 283.499786376953125, 283.4998779296875, 283.5, 283.5, 283.500030517578125, 283.500030517578125, 283.50006103515625, 283.50006103515625, 283.500091552734375, 283.500091552734375, 283.5001220703125, 283.5001220703125, 283.5001220703125, 283.5001220703125, 283.5001220703125, 283.5001220703125, 283.5001220703125, 283.5001220703125, 283.5001220703125, 283.5001220703125, 283.5001220703125, 283.5001220703125, 283.5001220703125, 283.5001220703125, 283.5001220703125, 283.5001220703125, 283.500152587890625, 283.500152587890625, 283.500152587890625, 283.500152587890625, 283.500152587890625, 283.500152587890625, 283.500152587890625, 283.500152587890625, 283.500152587890625, 283.500152587890625, 283.500152587890625, 283.500152587890625, 283.500152587890625, 283.500152587890625, 283.500152587890625, 283.500152587890625, 283.500152587890625, 283.500152587890625, 283.500152587890625, 283.500152587890625, 283.500152587890625, 283.500152587890625, 283.500152587890625, 283.500152587890625, 283.500152587890625, 283.500152587890625, 283.500152587890625, 283.500152587890625, 283.500152587890625, 283.500152587890625, 283.500152587890625, 283.500152587890625, 283.500152587890625, 283.500152587890625, 283.500152587890625, 283.500152587890625, 283.500152587890625, 283.500152587890625, 283.500152587890625, 283.500152587890625, 283.500152587890625, 283.500152587890625, 283.500152587890625, 283.500152587890625, 283.500152587890625, 283.500152587890625, 283.500152587890625, 283.500152587890625, 283.500152587890625, 283.500152587890625, 283.500152587890625, 283.500152587890625, 283.500152587890625, 283.500152587890625, 283.500152587890625, 283.500152587890625]
heatedPipe.heatPort.T=[298.149993896484375, 298.149993896484375]
time=[0., 3600.]
