last-generated=2015-01-20
heatPump.P=[1060.00000000000000000000, 1615.51049804687500000000, 1615.51037597656250000000, 1615.51037597656250000000, 1615.51037597656250000000, 1615.51037597656250000000, 1615.51037597656250000000, 1615.51037597656250000000, 1615.51037597656250000000, 1615.51037597656250000000, 1615.51037597656250000000, 1615.51037597656250000000, 1615.51037597656250000000, 1615.51037597656250000000, 1635.38354492187500000000, 1666.20507812500000000000, 1695.26306152343750000000, 1721.56359863281250000000, 1744.05383300781250000000, 1762.02673339843750000000, 1775.09960937500000000000, 1781.99938964843750000000, 1783.33178710937500000000, 1778.79602050781250000000, 1768.44140625000000000000, 1753.00109863281250000000, 1732.39758300781250000000, 1707.49523925781250000000, 1680.94946289062500000000, 1652.36572265625000000000, 1622.32739257812500000000, 1591.83288574218750000000, 1561.64245605468750000000, 1532.84606933593750000000, 1506.19921875000000000000, 1482.79565429687500000000, 1463.52526855468750000000, 1448.49414062500000000000, 1437.74609375000000000000, 1433.72705078125000000000, 1437.14855957031250000000, 1448.15966796875000000000, 1466.45275878906250000000, 1491.21936035156250000000, 1521.13647460937500000000, 1554.69311523437500000000, 1590.17797851562500000000, 1625.30346679687500000000, 1658.40112304687500000000, 1689.54516601562500000000, 1717.49426269531250000000, 1741.42797851562500000000, 1760.65917968750000000000, 1774.64892578125000000000, 0.00000000000000000000, 0.00000000000000000000, 0.00000000000000000000, 0.00000000000000000000, 0.00000000000000000000, 0.00000000000000000000, 1708.57592773437500000000, 1679.90917968750000000000, 1648.87731933593750000000, 1617.20397949218750000000, 1586.34082031250000000000, 1557.46337890625000000000, 1531.52001953125000000000, 845.78930664062500000000, 706.74560546875000000000, 698.21313476562500000000, 692.19378662109375000000, 688.85638427734375000000, 688.27398681640625000000, 690.46472167968750000000, 695.38153076171875000000, 702.90832519531250000000, 712.85089111328125000000, 724.56665039062500000000, 737.41723632812500000000, 751.83837890625000000000, 767.37878417968750000000, 783.39202880859375000000, 799.18072509765625000000, 814.05242919921875000000, 827.33502197265625000000, 838.47491455078125000000, 847.02545166015625000000, 852.56707763671875000000, 854.86895751953125000000, 854.24188232421875000000, 850.77160644531250000000, 844.61071777343750000000, 835.97491455078125000000, 825.11621093750000000000, 812.33795166015625000000, 797.99920654296875000000, 782.53466796875000000000, 766.17926025390625000000, 749.11614990234375000000, 732.54785156250000000000, 717.19091796875000000000]
time=[0.00000000000000000000, 15000.00000000000000000000]
