last-generated=2015-07-05
statistics-simulation={'numerical Jacobians': '0', 'nonlinear': '1', 'number of continuous time states': '3', 'linear': '0'}
heater.TSet=[308.149993896484375, 308.149993896484375]
heater.Tin.T=[293.149993896484375, 300.160400390625, 302.293487548828125, 302.901153564453125, 303.074554443359375, 303.1236572265625, 303.143463134765625, 303.15032958984375, 303.15167236328125, 303.152496337890625, 303.152099609375, 303.15167236328125, 303.1512451171875, 303.150848388671875, 303.150421142578125, 303.150299072265625, 303.1502685546875, 303.150238037109375, 303.15020751953125, 303.150177001953125, 303.150115966796875, 303.15008544921875, 303.150054931640625, 303.1500244140625, 303.1500244140625, 303.1500244140625, 303.1500244140625, 303.1500244140625, 303.1500244140625, 303.1500244140625, 303.149993896484375, 303.149993896484375, 303.149993896484375, 303.149993896484375, 303.31787109375, 303.862335205078125, 304.51953125, 305.174591064453125, 305.771240234375, 306.279022216796875, 306.67755126953125, 306.951171875, 307.09014892578125, 307.08905029296875, 306.94842529296875, 306.6734619140625, 306.273834228515625, 305.763519287109375, 305.16033935546875, 304.485809326171875, 303.76416015625, 303.02105712890625, 302.28265380859375, 301.574951171875, 300.923004150390625, 300.350006103515625, 299.876190185546875, 299.521148681640625, 299.3074951171875, 299.21514892578125, 299.2525634765625, 299.43218994140625, 299.743133544921875, 300.177947998046875, 300.725982666015625, 301.368316650390625, 302.05902099609375, 302.7816162109375, 303.52288818359375, 304.25665283203125, 304.94927978515625, 305.577606201171875, 306.119842529296875, 306.557159423828125, 306.87408447265625, 307.058837890625, 307.104827880859375, 307.010467529296875, 306.779449462890625, 306.41998291015625, 305.944732666015625, 305.370452880859375, 304.717193603515625, 304.008453369140625, 303.269561767578125, 302.526641845703125, 301.80584716796875, 301.132598876953125, 300.5308837890625, 300.022003173828125, 299.62384033203125, 299.3505859375, 299.21221923828125, 299.21282958984375, 299.352447509765625, 299.6248779296875, 300.02130126953125, 300.531768798828125, 301.1502685546875, 301.82830810546875, 302.54266357421875]
time=[0., 15000.]
heater.modulation_min=[20., 20.]
heater.heatSource.modulation=[58.62094879150390625, 23.68363189697265625, 23.7228603363037109375, 23.724353790283203125, 23.725727081298828125, 23.72710418701171875, 23.7285518646240234375, 23.73007965087890625, 23.7316989898681640625, 23.73342132568359375, 23.7352619171142578125, 23.737232208251953125, 23.7393474578857421875, 23.741619110107421875, 23.7440586090087890625, 23.7466831207275390625, 23.74950408935546875, 23.752532958984375, 23.7557849884033203125, 23.7592716217041015625, 23.7630062103271484375, 23.7670040130615234375, 23.77127838134765625, 23.7758388519287109375, 23.7807025909423828125, 23.7857208251953125, 23.790740966796875, 23.7957630157470703125, 23.8007869720458984375, 23.8058109283447265625, 23.8108367919921875, 23.81586456298828125, 23.820892333984375, 23.825923919677734375, 21.561199188232421875, 0., 0., 0., 0., 0., 0., 0., 0., 0., 0., 0., 0., 0., 0., 0., 0., 0., 0., 0., 0., 37.922824859619140625, 41.215545654296875, 42.473056793212890625, 43.06037139892578125, 42.996002197265625, 42.24576568603515625, 40.84256744384765625, 38.85468292236328125, 36.321361541748046875, 33.3412933349609375, 30.035503387451171875, 26.5312519073486328125, 22.9265193939208984375, 0., 0., 0., 0., 0., 0., 0., 0., 0., 0., 0., 0., 0., 0., 0., 0., 0., 0., 0., 0., 0., 40.8414764404296875, 42.344058990478515625, 43.16167449951171875, 43.302974700927734375, 42.76497650146484375, 41.562351226806640625, 39.746791839599609375, 37.37624359130859375, 34.5132904052734375, 31.28441619873046875, 27.815029144287109375, 24.216228485107421875]
heater.modulation_start=[35., 35.]
