last-generated=2014-07-07
embeddedPipe.dp=[19415.50585937500000000000, 19415.50585937500000000000, 19415.50585937500000000000, 19415.50585937500000000000, 19415.50585937500000000000, 19415.50585937500000000000, 19415.50585937500000000000, 19415.50585937500000000000, 19415.50585937500000000000, 19415.50585937500000000000, 19415.50585937500000000000, 19415.50585937500000000000, 19415.50585937500000000000, 19415.50585937500000000000, 19415.50585937500000000000, 19415.50585937500000000000, 19415.50585937500000000000, 19415.50585937500000000000, 19415.50585937500000000000, 19415.50585937500000000000, 19415.50585937500000000000, 19415.50585937500000000000, 19415.50585937500000000000, 19415.50585937500000000000, 19415.50585937500000000000, 19415.50585937500000000000, 19415.50585937500000000000, 19415.50585937500000000000, 19415.50585937500000000000, 19415.50585937500000000000, 19415.50585937500000000000, 19415.50585937500000000000, 19415.50585937500000000000, 19415.50585937500000000000, 19415.50585937500000000000, 19415.50585937500000000000, 19415.50585937500000000000, 1002.39465332031250000000, 164.34342956542968750000, 30.92283630371093750000, 6.12693929672241210938, 1.15320634841918945312, 0.18999880552291870117, 0.16061505675315856934, 0.08260376006364822388, 0.04155987128615379333, 0.01837029680609703064, 0.01276875194162130356, 0.00716720754280686378, 0.00320086465217173100, 0.00270144245587289333, 0.00220202025957405567, 0.00170259817969053984, 0.00120317609980702400, 0.00070375396171584725, 0.00029520568205043674, 0.00027190314722247400, 0.00024860061239451192, 0.00022529810667037964, 0.00020199557184241712, 0.00017869305156636983, 0.00015539051673840731, 0.00013208799646236002, 0.00010878547618631274, 0.00008548294135835022, 0.00006218042108230293, 0.00003887788625434041, 0.00001557536597829312, 0.00001346296630799770, 0.00001290634099859745, 0.00001234971568919718, 0.00001179310493171215, 0.00001123647962231189, 12776.01367187500000000000, 18052.33593750000000000000, 19153.32421875000000000000, 19363.65429687500000000000, 19403.74804687500000000000, 19414.21289062500000000000, 19414.85156250000000000000, 19414.70898437500000000000, 19415.12695312500000000000, 19415.34375000000000000000, 19415.40039062500000000000, 19415.42968750000000000000, 19415.45703125000000000000, 19415.48632812500000000000, 19415.49023437500000000000, 19415.49218750000000000000, 19415.49414062500000000000, 19415.49609375000000000000, 19415.50000000000000000000, 19415.50195312500000000000, 19415.50390625000000000000, 19415.50390625000000000000, 19415.50390625000000000000, 19415.50390625000000000000, 19415.50390625000000000000, 19415.50390625000000000000, 19415.50390625000000000000, 19415.50390625000000000000]
time=[0.00000000000000000000, 10000.00000000000000000000]
