last-generated=2014-10-30
pump1.vol.T=[288.14999389648437500000, 288.14999389648437500000, 288.14999389648437500000, 288.14999389648437500000, 288.14999389648437500000, 288.14999389648437500000, 288.14999389648437500000, 288.14999389648437500000, 288.14999389648437500000, 288.14999389648437500000, 288.14999389648437500000, 288.14999389648437500000, 288.14999389648437500000, 288.14999389648437500000, 288.14999389648437500000, 288.14999389648437500000, 288.14999389648437500000, 288.14999389648437500000, 288.14999389648437500000, 288.14999389648437500000, 288.14999389648437500000, 288.14999389648437500000, 288.14999389648437500000, 288.14999389648437500000, 288.14999389648437500000, 288.14999389648437500000, 288.14999389648437500000, 288.14999389648437500000, 288.14999389648437500000, 288.14999389648437500000, 308.14999389648437500000, 308.14999389648437500000, 308.14999389648437500000, 295.64999389648437500000, 295.64999389648437500000, 308.14999389648323813162, 308.14999389648437500000, 308.14999389648437500000, 295.64999389648437500000, 295.64999389648437500000, 295.64999389648437500000, 308.14999389648437500000, 308.14999389648437500000, 308.14999389648437500000, 295.64999389648437500000, 295.64999389648437500000, 295.64999389648437500000, 308.14999389648437500000, 308.14999389648437500000, 308.14999389648437500000, 295.64999389648437500000, 295.64999389648437500000, 295.64999389648437500000, 304.52374267578125000000, 296.94229125976562500000, 291.30252075195306815658, 286.76699829101562500000, 286.76699829101562500000, 286.76699829101562500000, 287.41583251953125000000, 285.06555175781250000000, 283.53005981445312500000, 283.53005981445312500000, 283.53005981445312500000, 283.85623168945312500000, 283.63031005859375000000, 283.49673461914062500000, 283.28262329101562500000, 283.28262329101562500000, 283.28262329101562500000, 283.38369750976562500000, 283.31832885742187500000, 283.27163696289062500000, 283.19995117187500000000, 283.19995117187500000000, 283.19995117187500000000, 283.23132324218750000000, 283.20904541015625000000, 283.19232177734375000000, 283.16860961914062500000, 283.16860961914062500000, 283.16860961914062500000, 283.17825317382812500000, 283.17068481445312500000, 283.16476440429687500000, 283.15701293945312500000, 283.15701293945312500000, 283.15701293945312500000, 283.15997314453125000000, 283.15740966796875000000, 283.15270996093750000000, 283.15270996093750000000, 283.15270996093750000000, 283.15502929687500000000, 283.15362548828125000000, 283.15274047851562500000, 283.15109252929687500000, 283.15109252929687500000, 283.15109252929687500000, 283.15188598632812500000, 283.15136718750000000000]
time=[0.00000000000000000000, 86400.00000000000000000000]
