last-generated=2015-07-05
statistics-simulation={'numerical Jacobians': '0', 'nonlinear': ' ', 'number of continuous time states': '11', 'linear': ' '}
integrator.y=[0., 53760.0390625, 107461.078125, 161103.1875, 214686.515625, 268211.125, 321676.9375, 375084.25000000005820766091, 428433.40625, 481724.125, 534956.4375, 588130.25, 641245.6875, 694302.6875, 747301.43750000011641532183, 800241.8125, 853124.4375, 905949.06250000011641532183, 958715.8125, 1011425.125, 1064076.875, 1116671., 1169207.5, 1221686.375, 1274107.625, 1326471.5, 1378778.75, 1431028.75, 1483221.50000000023283064365, 1535356.875, 1587434.875, 1639455.75, 1691419.375, 1743326., 1795176.12500000023283064365, 1846969.49999999976716935635, 1898706.25, 1950386.5, 2002010.25, 2053577.625, 2105088.5, 2156543., 2207941.25, 2259283.5, 2310569.75, 2361799.75, 2412974.25, 2464093., 2515156., 2566163.25, 2617115., 2668010.75, 2718850.75, 2769636.75, 2820368.25, 2871044.25000000046566128731, 2921665.25000000046566128731, 2972231.24999999953433871269, 3022741.75, 3073197.25, 3123597.75, 3173943., 3224233., 3274468., 3324647.75, 3374772.25, 3424844.25, 3474863., 3524827.25000000046566128731, 3574736.74999999953433871269, 3624591.74999999953433871269, 3674392.25, 3724138.25, 3773829.5, 3823466.25, 3873048.25, 3922576., 3972048.75, 4021467.25, 4070834., 4120151.75, 4169416., 4218626.5, 4267784., 4316888., 4365938., 4414935., 4463878.5, 4512768.5, 4561605., 4610388.5, 4659118., 4707794., 4756417., 4804986.5, 4853502., 4901964.5, 4950373.5, 4998729., 5047031., 5095279.5]
time=[0., 86400.]
