last-generated=2014-04-10
bou.medium.T=[283.14999389648437500000, 283.14999389648437500000]
heatedPipe.heatedPipe.heatPort.T=[293.14999389648437500000, 288.09634399414062500000, 285.70474243164062500000, 284.55947875976562500000, 284.00805664062500000000, 283.73846435546875000000, 283.61807250976562500000, 283.56546020507812500000, 283.53787231445312500000, 283.52133178710937500000, 283.51132202148437500000, 283.50540161132812500000, 283.50177001953125000000, 283.50018310546875000000, 283.49923706054687500000, 283.49926757812500000000, 283.49929809570312500000, 283.49957275390625000000, 283.49966430664062500000, 283.49978637695312500000, 283.49987792968750000000, 283.50000000000000000000, 283.50000000000000000000, 283.50003051757812500000, 283.50003051757812500000, 283.50006103515625000000, 283.50006103515625000000, 283.50009155273437500000, 283.50009155273437500000, 283.50012207031250000000, 283.50012207031250000000, 283.50012207031250000000, 283.50012207031250000000, 283.50012207031250000000, 283.50012207031250000000, 283.50012207031250000000, 283.50012207031250000000, 283.50012207031250000000, 283.50012207031250000000, 283.50012207031250000000, 283.50012207031250000000, 283.50012207031250000000, 283.50012207031250000000, 283.50012207031250000000, 283.50015258789062500000, 283.50015258789062500000, 283.50015258789062500000, 283.50015258789062500000, 283.50015258789062500000, 283.50015258789062500000, 283.50015258789062500000, 283.50015258789062500000, 283.50015258789062500000, 283.50015258789062500000, 283.50015258789062500000, 283.50015258789062500000, 283.50015258789062500000, 283.50015258789062500000, 283.50015258789062500000, 283.50015258789062500000, 283.50015258789062500000, 283.50015258789062500000, 283.50015258789062500000, 283.50015258789062500000, 283.50015258789062500000, 283.50015258789062500000, 283.50015258789062500000, 283.50015258789062500000, 283.50015258789062500000, 283.50015258789062500000, 283.50015258789062500000, 283.50015258789062500000, 283.50015258789062500000, 283.50015258789062500000, 283.50015258789062500000, 283.50015258789062500000, 283.50015258789062500000, 283.50015258789062500000, 283.50015258789062500000, 283.50015258789062500000, 283.50015258789062500000, 283.50015258789062500000, 283.50015258789062500000, 283.50015258789062500000, 283.50015258789062500000, 283.50015258789062500000, 283.50015258789062500000, 283.50015258789062500000, 283.50015258789062500000, 283.50015258789062500000, 283.50015258789062500000, 283.50015258789062500000, 283.50015258789062500000, 283.50015258789062500000, 283.50015258789062500000, 283.50015258789062500000, 283.50015258789062500000, 283.50015258789062500000, 283.50015258789062500000, 283.50015258789062500000, 283.50015258789062500000]
heatedPipe.heatPort.T=[298.14999389648437500000, 298.14999389648437500000]
time=[0.00000000000000000000, 3600.00000000000000000000]
