last-generated=2015-02-13
pump.vol.T=[293.14999389648437500000, 303.97940063476562500000, 318.09863281250000000000, 322.60290527343750000000, 323.12771606445312500000, 323.15008544921875000000, 323.14877319335937500000, 323.15002441406250000000, 323.14999389648437500000, 323.15008544921875000000, 323.15020751953125000000, 323.15014648437500000000, 323.14996337890625000000, 323.14999389648437500000, 323.14999389648437500000, 323.14999389648437500000, 323.14999389648437500000, 323.14999389648437500000, 323.14999389648437500000, 323.14999389648437500000, 323.14999389648437500000, 323.14999389648437500000, 323.14999389648437500000, 323.14999389648437500000, 323.14999389648437500000, 323.14999389648437500000, 323.14999389648437500000, 323.14999389648437500000, 323.14999389648437500000, 323.14999389648437500000, 323.14999389648437500000, 323.14999389648437500000, 323.14999389648437500000, 323.14999389648437500000, 323.14999389648437500000, 323.14999389648437500000, 323.14999389648437500000, 323.14999389648437500000, 323.14999389648437500000, 323.14999389648437500000, 323.14999389648437500000, 323.14999389648437500000, 323.14999389648437500000, 323.14999389648437500000, 323.14999389648437500000, 323.14999389648437500000, 323.14999389648437500000, 323.14999389648437500000, 323.14999389648437500000, 323.14999389648437500000, 323.14999389648437500000, 337.48611450195312500000, 348.41015625000000000000, 353.08236694335937500000, 350.34701538085937500000, 340.88098144531250000000, 327.02764892578113631316, 312.21459960937511368684, 300.10748291015625000000, 293.70382690429687500000, 294.58676147460937500000, 302.53564453125000000000, 315.58813476562500000000, 330.50939941406250000000, 343.60943603515625000000, 351.64920043945312500000, 352.63961791992187500000, 346.33096313476562500000, 334.28851318359363631316, 319.49368286132823868684, 305.60214233398437500000, 296.04959106445312500000, 293.20300292968750000000, 297.76544189453125000000, 308.60665893554687500000, 323.04556274414062500000, 337.51080322265625000000, 348.42385864257812500000, 353.08407592773437500000, 350.33883666992187500000, 340.86825561523437500000, 327.01351928710926131316, 312.20458984375000000000, 300.10174560546875000000, 293.69955444335937500000, 294.58618164062500000000, 302.53872680664062500000, 315.58892822265625000000, 330.50939941406250000000, 343.60943603515625000000, 351.64920043945312500000, 352.63961791992187500000, 346.33096313476562500000, 334.28848266601562500000, 319.49368286132812500000, 305.60214233398437500000, 296.04959106445312500000, 293.20300292968750000000, 297.76544189453125000000, 308.60665893554687500000, 323.04565429687500000000]
time=[0.00000000000000000000, 40000.00000000000000000000]
