last-generated=2014-10-30
temperature.T=[293.14999389648437500000, 321.52182006835937500000, 331.35040283203125000000, 332.32531738281250000000, 324.05792236328125000000, 309.71157836914062500000, 294.77740478515625000000, 284.95129394531250000000, 283.99133300781250000000, 292.25402832031250000000, 306.58795166015625000000, 321.52301025390625000000, 331.34762573242187500000, 332.31164550781250000000, 324.04919433593750000000, 309.71014404296875000000, 294.77822875976562500000, 284.95285034179687500000, 283.98596191406250000000, 292.25292968750000000000, 306.58789062500000000000, 321.52215576171875000000, 331.34805297851562500000, 332.31201171875000000000, 324.04776000976562500000, 309.71112060546875000000, 294.77743530273437500000, 284.95239257812500000000, 283.98840332031250000000, 292.25140380859369315658, 306.59002685546875000000, 321.52182006835937500000, 331.34719848632812500000, 332.31347656250000000000, 324.04666137695312500000, 309.71224975585937500000, 294.77761840820312500000, 284.95159912109375000000, 283.98846435546875000000, 292.25033569335937500000, 306.58941650390625000000, 321.52221679687500000000, 331.34732055664062500000, 332.31246948242187500000, 324.04788208007812500000, 309.71038818359375000000, 294.77804565429687500000, 284.95257568359375000000, 283.98715209960937500000, 292.25329589843750000000, 306.58819580078125000000, 321.52255249023437500000, 331.34805297851562500000, 332.31130981445312500000, 324.04949951171875000000, 309.71014404296863631316, 294.77822875976551131316, 284.95281982421880684342, 283.98590087890625000000, 292.25277709960937500000, 306.58847045898437500000, 321.52212524414062500000, 331.34786987304687500000, 332.31219482421875000000, 324.04736328125000000000, 309.71127319335937500000, 294.77740478515625000000, 284.95230102539062500000, 283.98855590820312500000, 292.25115966796875000000, 306.59002685546875000000, 321.52182006835937500000, 331.34716796875000000000, 332.31369018554687500000, 324.04675292968750000000, 309.71237182617187500000, 294.77767944335937500000, 284.95147705078125000000, 283.98834228515625000000, 292.25106811523437500000, 306.58926391601562500000, 321.52236938476562500000, 331.34741210937500000000, 332.31210327148437500000, 324.04812622070312500000, 309.71017456054687500000, 294.77810668945312500000, 284.95266723632812500000, 283.98696899414062500000, 292.25335693359375000000, 306.58804321289062500000, 321.52249145507812500000, 331.34817504882812500000, 332.31134033203125000000, 324.04968261718750000000, 309.71026611328125000000, 294.77822875976562500000, 284.95278930664062500000, 283.98651123046875000000, 292.25256347656250000000, 306.58560180664062500000]
cold.T=[283.14999389648437500000, 283.14999389648437500000]
hot.T=[333.14999389648437500000, 333.14999389648437500000]
time=[0.00000000000000000000, 100.00000000000000000000]
