last-generated=2015-06-27
statistics-simulation={'numerical Jacobians': '0', 'nonlinear': ' ', 'number of continuous time states': '5', 'linear': '0'}
der(QBoiler)=[0., 0., 0., 0., 0., 0., 0., 0., 0., 0., 0., 3000., 3000., 3000., 3000., 3000., 0., 0., 0., 0., 0., 3000., 3000., 3000., 3000., 3000., 0., 0., 0., 0., 0., 3000., 3000., 3000., 3000., 3000., 0., 0., 0., 0., 0., 0., 0., 0., 0., 0., 0., 0., 0., 0., 0., 0., 0., 0., 0., 0., 0., 0., 0., 0., 0., 0., 0., 0., 0., 0., 0., 0., 0., 0., 0., 0., 0., 0., 0., 0., 0., 0., 0., 0., 0., 0., 0., 0., 0., 0., 0., 0., 0., 0., 0., 0., 0., 0., 0., 0., 0., 0., 0., 0., 0.]
der(QRadiator)=[0., 0., 0., 0., 0., 0., 0., 0., 0., 0., 0., 1245.187744140625, 2205.4248046875, 2662.15087890625, 2859.967041015625, 2942.5693359375, 1153.99365234375, 536.10968017578125, 278.748260498046875, 158.435791015625, 96.2867584228515625, 1713.045166015625, 2435.166748046875, 2760.779052734375, 2900.19140625, 2959.363525390625, 1159.8167724609375, 539.105712890625, 280.16659545898380656581, 158.7356872558596876388, 96.9253997802734375, 1714.7369384765625, 2435.920654296875, 2760.24462890625, 2899.8994140625, 2959.853271484375, 1160.0006103515625, 539.385986328125, 280.55120849609375, 158.34759521484375, 96.99152374267578125, 311.489471435546875, 187.144195556640625, 118.36458587646484375, 78.83092498779296875, 54.52436065673828125, 36.54522705078125, 25.08115386962890625, 17.721111297607421875, 12.86711883544921875, 9.63477039337158203125, 11.50691890716552734375, 9.18123912811279296875, 7.6144695281982421875, 6.24359798431396484375, 5.14523887634276455572, 4.06656122207640979838, 3.2416062355041557197, 2.60062623023987216087, 2.08476233482360839844, 1.66674125194549560547, 1.38899183273315429688, 1.16406655311584472656, 0.98007941246032714844, 0.82584798336029052734, 0.69606834650039672852, 0.59075856208801269531, 0.5007699131965637207, 0.41735109686851501465, 0.34650880098342895508, 0.28737583756446838379, 0.25431066751480102539, 0.22568260133266448975, 0.2007763981819152832, 0.17882022261619567871, 0.15943747758865356445, 0.14262759685516357422, 0.12761832773685455322, 0.11363746225833892822, 0.1012048572301864624, 0.09024672955274581909, 0.08216305822134017944, 0.07493341714143753052, 0.06844857335090637207, 0.06258197873830795288, 0.05727098137140274048, 0.05251525342464447021, 0.04817340895533561707, 0.0441011376678943634, 0.04039461910724639893, 0.0370401628315448761, 0.03431056439876556396, 0.03181992843747138977, 0.02954280562698841095, 0.02744832076132297516, 0.02552104927599430084, 0.02376087196171283722, 0.02214406430721282959, 0.02064622007310390472, 0.01927967742085456848, 0.01804013550281524658]
time=[0., 100000.]
