last-generated=2015-01-08
runningMeanTemperature.TRm=[283.14999389648437500000, 283.22705078125000000000, 282.36373901367187500000, 281.59213256835937500000, 280.52618408203125000000, 279.39523315429687500000, 278.29177856445312500000, 276.37567138671875000000, 275.32379150390625000000, 274.74987792968750000000, 274.80078125000000000000, 272.89605712890625000000, 272.07385253906250000000, 270.77456665039062500000, 271.06311035156250000000, 271.92312622070312500000, 273.19097900390625000000, 274.93945312500000000000, 276.03921508789062500000, 277.78491210937500000000, 279.40545654296875000000, 278.01089477539062500000, 277.32299804687500000000, 278.24514770507812500000, 278.82327270507812500000, 278.28533935546875000000, 279.00671386718750000000, 280.24359130859375000000, 280.95901489257812500000, 280.93075561523437500000, 280.26208496093750000000, 278.50378417968750000000, 277.48263549804687500000, 277.26599121093750000000, 276.06463623046875000000, 274.86450195312500000000, 274.72906494140625000000, 274.98803710937500000000, 274.89297485351562500000, 274.33905029296875000000, 273.62435913085937500000, 274.63449096679687500000, 275.87225341796875000000, 275.38235473632812500000, 275.72274780273437500000, 279.08755493164062500000, 280.82202148437500000000, 280.88763427734375000000, 280.73651123046875000000, 280.62554931640625000000, 279.67068481445312500000, 280.69827270507812500000, 280.48626708984375000000, 280.44552612304687500000, 279.78479003906250000000, 278.93780517578125000000, 278.46099853515625000000, 278.34005737304687500000, 276.52743530273437500000, 275.83203125000000000000, 275.83026123046875000000, 276.42605590820312500000, 276.55764770507812500000, 277.12500000000000000000, 278.95416259765625000000, 280.13259887695312500000, 282.01962280273437500000, 282.85144042968750000000, 283.14807128906250000000, 282.35012817382812500000, 282.30969238281250000000, 282.10937500000000000000, 281.92031860351562500000, 281.71243286132812500000, 281.49145507812500000000, 282.29125976562500000000, 282.77536010742187500000, 282.70510864257812500000, 283.44342041015625000000, 282.47387695312500000000, 282.03155517578125000000, 280.78314208984375000000, 281.28213500976562500000, 283.53433227539062500000, 284.65737915039062500000, 285.69393920898437500000, 286.18966674804687500000, 287.29309082031250000000, 288.07882690429687500000, 286.81179809570312500000, 286.18606567382812500000, 285.18930053710937500000, 284.31896972656250000000, 284.03594970703125000000, 283.00552368164062500000, 281.75610351562500000000, 280.44967651367187500000, 280.60128784179687500000, 281.05621337890625000000, 280.74572753906250000000, 281.38208007812500000000]
time=[0.00000000000000000000, 10000000.00000000000000000000]
