last-generated=2015-01-16
heatPump.P=[1060.00000000000000000000, 1615.50817871093750000000, 1615.51037597656250000000, 1615.51037597656250000000, 1615.51037597656250000000, 1615.51037597656250000000, 1615.51037597656250000000, 1615.51037597656250000000, 1615.51037597656250000000, 1615.51037597656250000000, 1615.51037597656250000000, 1615.51037597656250000000, 1615.51037597656250000000, 1615.51037597656250000000, 1633.84790039062500000000, 1664.74108886718750000000, 1693.88415527343750000000, 1720.32055664062500000000, 1743.00585937500000000000, 1761.21081542968750000000, 1774.57019042968750000000, 1781.62329101562500000000, 1783.42712402343750000000, 1779.15466308593750000000, 1769.28125000000000000000, 1753.86877441406250000000, 1733.14941406250000000000, 1708.48815917968750000000, 1682.08789062500000000000, 1653.56628417968750000000, 1623.68713378906250000000, 1593.23657226562500000000, 1563.07617187500000000000, 1534.26293945312500000000, 1507.54846191406250000000, 1484.00854492187500000000, 1464.54357910156250000000, 1449.34985351562500000000, 1438.29077148437500000000, 1433.89807128906250000000, 1436.90515136718750000000, 1447.50244140625000000000, 1465.41137695312500000000, 1489.82141113281250000000, 1519.51611328125000000000, 1552.91210937500000000000, 1588.29724121093750000000, 1623.51306152343750000000, 1656.73754882812500000000, 1687.88244628906250000000, 1716.02795410156250000000, 1740.21069335937500000000, 1759.80981445312500000000, 1774.19226074218750000000, 0.00000000000000000000, 0.00000000000000000000, 0.00000000000000000000, 0.00000000000000000000, 0.00000000000000000000, 0.00000000000000000000, 1705.82739257812500000000, 1681.39172363281250000000, 1650.32861328125000000000, 1618.63562011718750000000, 1587.66430664062500000000, 1558.66113281250000000000, 1532.55627441406250000000, 850.57934570312500000000, 707.19165039062500000000, 698.58374023437500000000, 692.40289306640625000000, 688.94610595703125000000, 688.24432373046875000000, 690.31469726562500000000, 695.11529541015625000000, 702.53033447265625000000, 712.36883544921875000000, 724.03625488281250000000, 736.80798339843750000000, 751.16247558593750000000, 766.64978027343750000000, 782.64453125000000000000, 798.44165039062500000000, 813.35693359375000000000, 826.71166992187500000000, 837.95465087890625000000, 846.62969970703125000000, 852.33172607421875000000, 854.77795410156250000000, 854.29455566406250000000, 850.96777343750000000000, 844.94372558593750000000, 836.43481445312500000000, 825.69079589843750000000, 813.00952148437500000000, 798.74633789062500000000, 783.33074951171875000000, 767.01214599609375000000, 749.91491699218750000000, 733.31542968750000000000, 717.92248535156250000000]
time=[0.00000000000000000000, 15000.00000000000000000000]
