last-generated=2015-08-14
statistics-simulation={'numerical Jacobians': '0', 'nonlinear': '1', 'number of continuous time states': '3', 'linear': ' '}
embeddedPipe.dp=[19671.154296875, 19671.154296875, 19671.154296875, 19671.154296875, 19671.154296875, 19671.154296875, 19671.154296875, 19671.154296875, 19671.154296875, 19671.154296875, 19671.154296875, 19671.154296875, 19671.154296875, 19671.154296875, 19671.154296875, 19671.154296875, 19671.154296875, 19671.154296875, 19671.154296875, 19671.154296875, 19671.154296875, 19671.154296875, 19671.154296875, 19671.154296875, 19671.154296875, 19671.154296875, 19671.154296875, 19671.154296875, 19671.154296875, 19671.154296875, 19671.154296875, 19671.154296875, 19671.154296875, 19671.154296875, 19671.154296875, 19671.154296875, 19671.154296875, 1015.5933837890625, 166.5073699951171875, 31.3300037384033203125, 6.20761394500732421875, 1.16839087009429931641, 0.19250056147575378418, 0.16272990405559539795, 0.083691425621509552, 0.0421070978045463562, 0.01861218176782131195, 0.01293688081204891205, 0.00726157985627651215, 0.00324301118962466717, 0.00273701292462646961, 0.00223101489245891571, 0.00172501674387603998, 0.00121901859529316425, 0.00071302044671028852, 0.00029909273143857718, 0.0002754833549261091, 0.00025187400751747213, 0.00022826466010883451, 0.00020465529814828187, 0.00018104593618772924, 0.00015743658877909184, 0.0001338272268185392, 0.0001102178794099018, 0.00008660851744934916, 0.00006299915548879653, 0.00003938980808015913, 0.00001578044611960649, 0.00001364023773930966, 0.00001307627826463432, 0.00001251233334187418, 0.00001194838841911405, 0.0000113844289444387, 12944.23828125, 18290.03515625, 19405.521484375, 19618.619140625, 19659.2421875, 19669.84375, 19670.4921875, 19670.34765625, 19670.76953125, 19670.990234375, 19671.046875, 19671.076171875, 19671.10546875, 19671.134765625, 19671.138671875, 19671.140625, 19671.142578125, 19671.14453125, 19671.1484375, 19671.150390625, 19671.15234375, 19671.15234375, 19671.15234375, 19671.15234375, 19671.15234375, 19671.15234375, 19671.15234375, 19671.15234375]
time=[0., 10000.]
