last-generated=2015-01-16
heatPump.P=[1060.00000000000000000000, 1470.00329589843750000000, 1470.00012207031250000000, 1470.00000000000000000000, 1470.00000000000000000000, 1470.00000000000000000000, 1470.00000000000000000000, 1470.00000000000000000000, 1470.00000000000000000000, 1470.00000000000000000000, 1470.00000000000000000000, 1470.00000000000000000000, 1470.00000000000000000000, 1470.00000000000000000000, 1489.25268554687500000000, 1519.90393066406250000000, 1548.87854003906250000000, 1575.19152832031250000000, 1597.82189941406250000000, 1615.98889160156250000000, 1629.09448242187500000000, 1636.14074707031250000000, 1637.42639160156250000000, 1633.09509277343750000000, 1622.86950683593750000000, 1607.32897949218750000000, 1586.40124511718750000000, 1560.99047851562500000000, 1531.38769531250000000000, 1500.16052246093750000000, 1468.33654785156250000000, 1436.97619628906250000000, 1407.00280761718750000000, 1379.40209960937500000000, 1354.94995117187500000000, 1334.42321777343750000000, 1318.51501464843750000000, 1306.98583984375000000000, 1299.10180664062500000000, 1297.54089355468750000000, 1302.62438964843750000000, 1314.33959960937500000000, 1332.29406738281250000000, 1355.68933105468750000000, 1383.40527343750000000000, 1414.12487792968750000000, 1446.44409179687500000000, 1478.37939453125000000000, 1508.12927246093750000000, 1536.38513183593750000000, 1562.25402832031250000000, 1585.05786132812500000000, 1604.19055175781250000000, 1619.10009765625000000000, 0.00000000000000000000, 0.00000000000000000000, 0.00000000000000000000, 0.00000000000000000000, 0.00000000000000000000, 0.00000000000000000000, 1571.11083984375000000000, 1543.21105957031250000000, 1512.62756347656250000000, 1480.52502441406250000000, 1448.38146972656250000000, 1417.62744140625000000000, 1389.46533203125000000000, 795.12640380859375000000, 670.54211425781250000000, 661.47039794921875000000, 654.98352050781250000000, 651.37945556640625000000, 650.71453857421875000000, 653.00946044921875000000, 658.20812988281250000000, 666.16772460937500000000, 676.65612792968750000000, 688.98339843750000000000, 702.31292724609375000000, 717.16998291015625000000, 733.00457763671875000000, 749.15954589843750000000, 764.90106201171875000000, 779.53509521484375000000, 792.42279052734375000000, 803.01312255859375000000, 810.94287109375000000000, 815.81646728515625000000, 817.36700439453125000000, 816.08172607421875000000, 812.12799072265625000000, 805.70898437500000000000, 797.05651855468750000000, 786.43811035156250000000, 774.15008544921875000000, 760.51885986328125000000, 745.91894531250000000000, 730.49353027343750000000, 714.25415039062500000000, 698.42712402343750000000, 683.79071044921875000000]
time=[0.00000000000000000000, 15000.00000000000000000000]
