last-generated=2015-06-28
statistics-simulation={'numerical Jacobians': '0', 'nonlinear': '2', 'number of continuous time states': '2', 'linear': ' '}
vol.T=[293.149993896484375, 294.75781247677377905347, 296.24591060150305565912, 297.6226805052829718079, 298.89465324687085967525, 300.06536865234375, 301.14706395992885745727, 302.14099132391470448056, 303.05587758039132495469, 303.89553852027125913082, 304.666412353515625, 305.37292464210605658081, 306.0204159616711194758, 306.61422756376714460202, 307.15948498689988355181, 307.660308837890625, 308.11694325431005836435, 308.53564433836532998612, 308.92044084852301466526, 309.27426155402650920223, 309.595977783203125, 309.89132717219786172791, 310.16345202278159831621, 310.41433727047126467369, 310.64172342341021249013, 310.850555419921875, 311.04312151309585487979, 311.220825114476554063, 311.38168342236900798525, 311.52935777395020977565, 311.66546630859375, 311.79101573719538009755, 311.9046630336233079106, 312.00894169768440633561, 312.10494986255065441583, 312.193572998046875, 312.2743225829618154421, 312.34844967290695194606, 312.41653445460548255141, 312.47897333119175300453, 312.536346435546875, 312.58892827024106964018, 312.63702401280175990905, 312.68093863950338118229, 312.72164913237787686739, 312.75909423828125, 312.79364016815094373669, 312.82553106377605445232, 312.85498041432578020249, 312.88220212340820580721, 312.90740966796875, 312.9305420118325855583, 312.95034793560631669607, 312.96817013341927804504, 312.98416136225569061935, 312.99847412109375, 313.01129151540226303041, 313.02279665123205631971, 313.03311155334813520312, 313.04254149473854340613, 313.0528564453125, 313.06234742069500498474, 313.07101442001294344664, 313.0788574076141230762, 313.08587645844090729952, 313.092071533203125, 313.09744263160973787308, 313.10198975657112896442, 313.10729979479219764471, 313.11209106008755043149, 313.116424560546875, 313.12023926130495965481, 313.12359619751805439591, 313.12649535608943551779, 313.12887573038460686803, 313.13079833984375, 313.13327026585466228426, 313.13546753337141126394, 313.13742065080441534519, 313.13912963721668347716, 313.140594482421875, 313.1417846638943274229, 313.14273071463679798399, 313.14343261602334678173, 313.14462280739087418624, 313.145782470703125, 313.1468505818630774229, 313.14785766776179798399, 313.14877319161320201601, 313.14959717087907620225, 313.150360107421875, 313.15106200880842379775, 313.1516723641543649137, 313.1521911612362600863, 313.15264892694540321827, 313.15301513671875, 313.15332031133584678173, 313.15353393583791330457, 313.15368652314646169543, 313.15374755801167339087, 313.153472900390625]
time=[0., 10.]
