last-generated=2015-07-03
statistics-simulation={'numerical Jacobians': '0', 'nonlinear': ' ', 'linear': ' '}
average.y=[1., 1.01499998603016372556, 1.02999997206032745112, 1.04499995809049006645, 1.05999994412065468019, 1.07500004656612113685, 1.09000003539027146005, 1.10500001862644769979, 1.12000000745059402618, 1.13499998509881216968, 1.14999997392295671972, 1.1649999627471014918, 1.17999995157124604184, 1.19500005960439614761, 1.2100000372528985082, 1.22500001490111687374, 1.24000001490118783032, 1.25499999254940619586, 1.26999997019762433936, 1.28499997019769529594, 1.29999994784609129717, 1.31500006705488337033, 1.33000004470342148011, 1.34500002235171067788, 1.36000002235178163446, 1.375, 1.39000000000007095657, 1.40499995529643650904, 1.41999995529657851989, 1.43499995529657864424, 1.45000002980223352544, 1.46500002980230470406, 1.48000002980237566064, 1.49499998509874121311, 1.50999998509881216968, 1.52499998509888312626, 1.53999994039524867873, 1.55499994039560385239, 1.57000005960439614761, 1.58500005960475132127, 1.60000001490111687374, 1.61500001490118783032, 1.63000001490125878689, 1.64499997019762433936, 1.65999997019769529594, 1.67499997019776647456, 1.69000004470342135576, 1.70500004470342148011, 1.72000004470356349096, 1.73499999999992882138, 1.75, 1.7649999999998580158, 1.77999999999971580955, 1.79499999999957382535, 1.80999991059463161136, 1.82500002980249997897, 1.84000002980225141336, 1.85500002980221578852, 1.87000002980207358227, 1.88500002980193159807, 1.89999994039571040716, 1.91499994039556842296, 1.9299999403957104338, 1.9450000596042895662, 1.96000005960443157704, 1.97500005960428959284, 1.98999997019806840193, 2.00500008940721574646, 2.01999997019778421148, 2.03500008940703835947, 2.04999997019749979899, 2.06500008940664736556, 2.07999988079113684591, 2.0950000000002839684, 2.1099998807919893018, 2.125, 2.1400001192080106982, 2.1549999999997160316, 2.17000011920886315409, 2.18499991059335263444, 2.20000002980250020101, 2.21499991059296164053, 2.23000002980221578852, 2.24499991059278425354, 2.26000002980193137603, 2.27500005960499995794, 2.28999994039556842296, 2.30500005960471598954, 2.31999994039528401046, 2.33500005960443157704, 2.34999994039500004206, 2.36499997019806862397, 2.38000008940721574646, 2.39499997019778421148, 2.41000008940703835947, 2.42499997019749979899, 2.44000008940664736556, 2.45499988079113684591, 2.4700000000002839684, 2.4849998807919893018, 2.5]
time=[0., 1.]
