last-generated=2015-06-28
statistics-simulation={'numerical Jacobians': '0', 'nonlinear': ' ', 'number of continuous time states': '2', 'linear': ' '}
temperature.T=[293.149993896484375, 321.521820068359375, 331.35040283203125, 332.3253173828125, 324.05792236328125, 309.711578369140625, 294.77740478515625, 284.9512939453125, 283.9913330078125, 292.2540283203125, 306.58795166015625, 321.52301025390625, 331.347625732421875, 332.3116455078125, 324.0491943359375, 309.71014404296875, 294.778228759765625, 284.952850341796875, 283.9859619140625, 292.2529296875, 306.587890625, 321.52215576171875, 331.348052978515625, 332.31201171875, 324.047760009765625, 309.71112060546875, 294.777435302734375, 284.952392578125, 283.9884033203125, 292.25140380859369315658, 306.59002685546875, 321.521820068359375, 331.347198486328125, 332.3134765625, 324.046661376953125, 309.712249755859375, 294.777618408203125, 284.95159912109375, 283.98846435546875, 292.250335693359375, 306.58941650390625, 321.522216796875, 331.347320556640625, 332.312469482421875, 324.047882080078125, 309.71038818359375, 294.778045654296875, 284.95257568359375, 283.987152099609375, 292.2532958984375, 306.58819580078125, 321.522552490234375, 331.348052978515625, 332.311309814453125, 324.04949951171875, 309.71014404296863631316, 294.77822875976551131316, 284.95281982421880684342, 283.98590087890625, 292.252777099609375, 306.588470458984375, 321.522125244140625, 331.347869873046875, 332.31219482421875, 324.04736328125, 309.711273193359375, 294.77740478515625, 284.952301025390625, 283.988555908203125, 292.25115966796875, 306.59002685546875, 321.521820068359375, 331.34716796875, 332.313690185546875, 324.0467529296875, 309.712371826171875, 294.777679443359375, 284.95147705078125, 283.98834228515625, 292.251068115234375, 306.589263916015625, 321.522369384765625, 331.347412109375, 332.312103271484375, 324.048126220703125, 309.710174560546875, 294.778106689453125, 284.952667236328125, 283.986968994140625, 292.25335693359375, 306.588043212890625, 321.522491455078125, 331.348175048828125, 332.31134033203125, 324.0496826171875, 309.71026611328125, 294.778228759765625, 284.952789306640625, 283.98651123046875, 292.2525634765625, 306.585601806640625]
cold.T=[283.149993896484375, 283.149993896484375]
hot.T=[333.149993896484375, 333.149993896484375]
time=[0., 100.]
