last-generated=2015-07-14
statistics-simulation={'numerical Jacobians': '0', 'nonlinear': '1', 'number of continuous time states': '1', 'linear': ' '}
buildingShade.iSolDir=[0., 0., 0., 0., 0., 0., 0., 0., 0., 0., 0., 0., 0.90807032585144042969, 0., 0., 0., 0., 0., 0., 0., 0., 0.00001462019463360775, 0., 0., 0., 0., 0., 0., 0., 484.88983154296875, 0., 0., 0., 0., 0., 0., 0., 0., 99.09032440185546875, 0., 0., 0., 0., 0., 0., 0., 0., 83.065521240234375, 0., 0., 0., 0., 0., 0., 0., 41.83527374267578125, 0., 0., 0., 0., 0., 0., 0., 0., 447.34765625, 0., 0., 0., 0., 0., 0., 0., 312.0386962890625, 247.16522216796875, 0., 0., 0., 0., 0., 0., 0., 735.10784912109375, 0., 0., 0., 0., 0., 0., 0., 0., 364.298065185546875, 0., 0., 0., 0., 0., 0., 0., 17.756259918212890625, 0.70697629451751708984, 0.]
none.iSolDir=[-0.00001744665860314853, 0.00000506306787428912, 0.00003073904008488171, 0.00004644222281058319, 0.00004388357774587348, 0.00002441157994326204, -0.00000178459424660105, -0.00002144733298337087, -0.00002498284084140323, -0.0000107005625977763, 0.00001449895989935612, 488.28662109375, 1.06476271152496337891, 0.00003837918120552786, 0.0000149789002534817, -0.00001037129004544113, -0.00002501799281162675, -0.00002188611870224122, -0.00000247557568400225, 67.2480316162109375, 196.3019866943359375, 0.00004643122883862816, 0.00003097209264524281, 0.00000526082385476911, -0.00001755099947331473, -0.00002622798638185486, -0.00001660827365412842, 0.00000668630764266709, 363.690399169921875, 752.57415771484375, 431.80712890625, 0.00002216986831626855, -0.00000409442236559698, -0.00002286285780428443, -0.00002500080518075265, -0.00000948739943851251, 0.00001616900408407673, 0.00003912268584826961, 99.09032440185546875, 19.0917758941650390625, 0.00001257229723705677, -0.00001247156887984602, -0.00002596927879494615, -0.00002141370168828871, -0.00000098692351002683, 147.4238739013671875, 320.9605712890625, 200.41033935546875, 0.00002890674113587011, 0.00000282655719274771, -0.00001932730265252758, -0.00002667406442924403, -0.00001569476080476306, 0.00000832948899187613, 5.01000690460205078125, 41.83527374267578125, 24.0095672607421875, 0.00001983420224860311, -0.00000641878659735085, -0.00002422245415800717, -0.00002493281681381632, -0.00000821228877612157, 10.001224517822265625, 167.940032958984375, 447.34765625, 71.85666656494140625, 0.00001009857896860922, -0.00001455717574572191, -0.00002684644641703926, -0.00002085589585476555, 0.00000054385111525335, 226.3900299072265625, 659.52972412109375, 526.045654296875, 0.00002672769369382877, 0.00000035506877793523, -0.00002106202373397537, -0.00002703387326619122, -0.00001470386087021325, 0.00000998927589535015, 504.3154296875, 735.10784912109375, 301.247161865234375, 0.00001740896732371766, -0.00000874942725204164, -0.0000255175145866815, -0.0000247733732976485, -0.00000687513102093362, 34.1582183837890625, 511.91693115234375, 364.298065185546875, 18.754940032958984375, 0.00000756411827751435, -0.00001661907117522787, -0.00002764152486633975, -0.00002020900501520373, 0.00000211459496313182, 1.3389949798583984375, 17.756259918212890625, 1.48113715648651123047, 0.00002443816265440546]
time=[2000000., 3000000.]
