last-generated=2015-03-03
senTem.T=[293.14999389648437500000, 286.49087524414062500000, 288.97738647460937500000, 291.19125366210937500000, 292.78500366210937500000, 293.58929443359375000000, 292.82122802734375000000, 293.18804931640625000000, 293.82766723632812500000, 294.39114379882812500000, 294.88815307617187500000, 294.93576049804687500000, 294.93582153320312500000, 294.93582153320312500000, 294.93582153320312500000, 294.93582153320312500000, 294.93582153320312500000, 294.93582153320312500000, 294.93582153320312500000, 294.93582153320312500000, 294.93582153320312500000, 294.50381469726562500000, 293.96588134765625000000, 293.35723876953125000000, 292.73678588867187500000, 293.42172241210937500000, 293.31414794921875000000, 292.03488159179687500000, 290.36013793945312500000, 288.18862915039062500000, 286.12979125976562500000, 286.12979125976562500000, 286.12979125976562500000, 286.12979125976562500000, 286.12979125976562500000, 286.12979125976562500000, 286.12979125976562500000, 286.12979125976562500000, 286.12979125976562500000, 286.12979125976562500000, 286.12979125976562500000, 286.12979125976562500000, 286.12979125976562500000, 286.12979125976562500000, 286.12979125976562500000, 286.12979125976562500000, 286.12979125976562500000, 286.12979125976562500000, 286.12979125976562500000, 286.12979125976562500000, 286.12979125976562500000, 285.60284423828125000000, 288.95834350585937500000, 291.18954467773437500000, 292.79022216796875000000, 293.58886718750000000000, 292.82061767578125000000, 293.18734741210937500000, 293.82879638671875000000, 294.39086914062500000000, 294.88800048828125000000, 294.93576049804687500000, 294.93582153320312500000, 294.93582153320312500000, 294.93582153320312500000, 294.93582153320312500000, 294.93582153320312500000, 294.93582153320312500000, 294.93582153320312500000, 294.93582153320312500000, 294.93582153320312500000, 294.50381469726562500000, 293.96588134765625000000, 293.35723876953125000000, 292.73678588867187500000, 293.42172241210937500000, 293.31414794921875000000, 292.03488159179687500000, 290.36013793945312500000, 288.18862915039062500000, 286.12979125976562500000, 286.12979125976562500000, 286.12979125976562500000, 286.12979125976562500000, 286.12979125976562500000, 286.12979125976562500000, 286.12979125976562500000, 286.12979125976562500000, 286.12979125976562500000, 286.12979125976562500000, 286.12979125976562500000, 286.12979125976562500000, 286.12979125976562500000, 286.12979125976562500000, 286.12979125976562500000, 286.12979125976562500000, 286.12979125976562500000, 286.12979125976562500000, 286.12979125976562500000, 286.12979125976562500000, 286.12979125976562500000]
time=[0.00000000000000000000, 10000.00000000000000000000]
