last-generated=2015-07-03
statistics-simulation={'numerical Jacobians': '0', 'nonlinear': ' ', 'number of continuous time states': '3', 'linear': ' '}
movingAverage.y=[50., 50., 50., 50., 50., 50., 50., 50., 50., 50., 50., 50., 50., 50., 50., 50., 50., 57.5000071525642368897, 79.9999928474357631103, 102.50001430501471588741, 125., 147.49998569498529832345, 170.00000715256416583543, 192.49999284743583416457, 200., 200., 200., 200., 200., 200., 200., 200., 200., 200., 184.99998569498521305832, 162.5, 140.00001430501478694168, 117.50002861002943177482, 94.99997138997056822518, 72.49998569498521305832, 50., 50., 50., 50., 50., 50., 50., 50., 50., 50., 50., 72.49998569498535516686, 94.99997138997069612287, 117.50002861002943177482, 139.99994278085085852581, 162.5, 185.00005721914939726958, 200., 200., 200., 200., 200., 200., 200., 200., 200., 200., 192.50002861048403701716, 169.99997138951567876575, 147.50005721914939726958, 125., 102.49994278085087273666, 80.0000286104843070234, 57.49997138951595587741, 50., 50., 50., 50., 50., 50., 50., 50., 50., 50., 64.99994278085060273042, 87.5, 110.00005721914939726958, 132.49997138951596298284, 155.00002861048403701716, 177.49994278085060273042, 200., 200., 200., 200., 200., 200., 200., 200., 200., 200., 200.]
movingAverage.u=[50., 50., 50., 50., 50., 50., 50., 50., 50., 50., 50., 50., 50., 50., 50., 50., 50., 200., 200., 200., 200., 200., 200., 200., 200., 200., 200., 200., 200., 200., 200., 200., 200., 200., 50., 50., 50., 50., 50., 50., 50., 50., 50., 50., 50., 50., 50., 50., 50., 50., 50., 200., 200., 200., 200., 200., 200., 200., 200., 200., 200., 200., 200., 200., 200., 200., 200., 50., 50., 50., 50., 50., 50., 50., 50., 50., 50., 50., 50., 50., 50., 50., 50., 50., 200., 200., 200., 200., 200., 200., 200., 200., 200., 200., 200., 200., 200., 200., 200., 200., 200.]
time=[0., 30.]
