last-generated=2015-01-22
runningMeanTemperature.TRm=[283.14999389648437500000, 283.22714233398437500000, 282.36340332031250000000, 281.58297729492187500000, 280.52972412109375000000, 279.40548706054687500000, 278.29827880859375000000, 276.38766479492187500000, 275.32913208007812500000, 274.75738525390625000000, 274.80752563476562500000, 272.90100097656250000000, 272.09365844726562500000, 270.78784179687500000000, 271.07943725585937500000, 271.93121337890625000000, 273.19589233398437500000, 274.94543457031250000000, 276.04858398437500000000, 277.79537963867187500000, 279.41268920898437500000, 278.03479003906250000000, 277.35171508789062500000, 278.27490234375000000000, 278.86004638671875000000, 278.31628417968750000000, 279.03445434570312500000, 280.25585937500000000000, 280.99041748046875000000, 280.98156738281250000000, 280.30895996093750000000, 278.53805541992187500000, 277.49176025390625000000, 277.28033447265625000000, 276.07470703125000000000, 274.88204956054687500000, 274.76556396484375000000, 275.00927734375000000000, 274.90399169921875000000, 274.33654785156250000000, 273.62530517578125000000, 274.61135864257812500000, 275.84231567382812500000, 275.37057495117187500000, 275.72845458984375000000, 279.08020019531250000000, 280.82788085937500000000, 280.90362548828125000000, 280.75750732421875000000, 280.63021850585937500000, 279.65405273437500000000, 280.69589233398437500000, 280.49017333984375000000, 280.45330810546875000000, 279.77957153320312500000, 278.93496704101562500000, 278.45321655273437500000, 278.34381103515625000000, 276.54037475585937500000, 275.85406494140625000000, 275.84271240234375000000, 276.42935180664062500000, 276.57714843750000000000, 277.13421630859375000000, 278.99511718750000000000, 280.19375610351562500000, 282.06652832031250000000, 282.88809204101562500000, 283.20080566406250000000, 282.42605590820312500000, 282.35540771484375000000, 282.16525268554687500000, 281.97613525390625000000, 281.75851440429687500000, 281.53335571289062500000, 282.33526611328125000000, 282.81008911132812500000, 282.71731567382812500000, 283.45971679687500000000, 282.49984741210937500000, 282.01605224609375000000, 280.77386474609375000000, 281.27685546875000000000, 283.50347900390625000000, 284.61776733398437500000, 285.64950561523437500000, 286.14492797851562500000, 287.24032592773437500000, 288.03689575195312500000, 286.79241943359375000000, 286.16220092773437500000, 285.18316650390625000000, 284.30187988281250000000, 283.99893188476562500000, 282.98217773437500000000, 281.72647094726562500000, 280.43927001953125000000, 280.59176635742187500000, 281.06494140625000000000, 280.73825073242187500000, 281.38836669921875000000]
time=[0.00000000000000000000, 10000000.00000000000000000000]
