last-generated=2015-08-14
statistics-simulation={'numerical Jacobians': '0', 'nonlinear': '1', 'number of continuous time states': '2', 'linear': ' '}
runningMeanTemperature.TRm=[283.149993896484375, 283.223236083984375, 282.364654541015625, 281.583709716796875, 280.51983642578125, 279.37615966796875, 278.278839111328125, 276.374603271484375, 275.31842041015625, 274.744598388671875, 274.7984619140625, 272.905364990234375, 272.090118408203125, 270.790679931640625, 271.074859619140625, 271.92919921875, 273.20355224609375, 274.944488525390625, 276.049530029296875, 277.809295654296875, 279.3951416015625, 278.02166748046875, 277.34381103515625, 278.2843017578125, 278.84490966796875, 278.300506591796875, 279.03619384765625, 280.276885986328125, 281.012237548828125, 280.983612060546875, 280.3199462890625, 278.550079345703125, 277.469940185546875, 277.255767822265625, 276.051666259765625, 274.864593505859375, 274.728912353515625, 274.979736328125, 274.894989013671875, 274.330047607421875, 273.61883544921875, 274.604095458984375, 275.83489990234375, 275.36737060546875, 275.707794189453125, 279.072052001953125, 280.842193603515625, 280.909027099609375, 280.764251708984375, 280.6307373046875, 279.67144775390625, 280.703277587890625, 280.51104736328125, 280.45733642578125, 279.78125, 278.933013916015625, 278.449737548828125, 278.33831787109375, 276.52752685546875, 275.844879150390625, 275.835205078125, 276.435150146484375, 276.590240478515625, 277.128082275390625, 278.96368408203125, 280.147979736328125, 282.033599853515625, 282.849456787109375, 283.15625, 282.362579345703125, 282.33489990234375, 282.135406494140625, 281.935302734375, 281.73980712890625, 281.5150146484375, 282.309173583984375, 282.788726806640625, 282.723480224609375, 283.4693603515625, 282.499176025390625, 282.026519775390625, 280.77227783203125, 281.276123046875, 283.5194091796875, 284.649200439453125, 285.69091796875, 286.1768798828125, 287.279693603515625, 288.0623779296875, 286.82318115234375, 286.1810302734375, 285.18060302734375, 284.299163818359375, 284.02099609375, 282.97149658203125, 281.72125244140625, 280.42388916015625, 280.5858154296875, 281.067108154296875, 280.739898681640625, 281.39453125]
time=[0., 10000000.]
