last-generated=2015-06-28
statistics-simulation={'numerical Jacobians': '0', 'nonlinear': ' ', 'number of continuous time states': '11', 'linear': ' '}
integrator.y=[0., 53760.0390625, 107461.078125, 161103.1875, 214686.515625, 268211.125, 321676.9375, 375084.25000000005820766091, 428433.40625, 481724.125, 534956.4375, 588130.25, 641245.6875, 694302.6875, 747302.18750000011641532183, 800243.75, 853127.25, 905952.62500000011641532183, 958719.9375, 1011429.0625, 1064080.5, 1116676.625, 1169215.375, 1221696.75, 1274120.875, 1326487.625, 1378797.125, 1431049.25, 1483244.12500000023283064365, 1535381.625, 1587461.75, 1639484.625, 1691450.25, 1743358.375, 1795208.62500000023283064365, 1847001.87499999976716935635, 1898738.5, 1950418.5, 2002042., 2053609.25, 2105120., 2156574.75, 2207973., 2259315.25, 2310601.5, 2361831.75, 2413006.25, 2464125.25, 2515188.25, 2566195.5, 2617146.75, 2668042.25, 2718883., 2769668.25, 2820398., 2871072.25000000046566128731, 2921691.00000000046566128731, 2972254.24999999953433871269, 3022762.5, 3073217.5, 3123618., 3173963.5, 3224254.25, 3274490., 3324671.25, 3374797.5, 3424869.25, 3474886., 3524848.00000000046566128731, 3574754.99999999953433871269, 3624607.49999999953433871269, 3674405.25, 3724152., 3773844.5, 3823483., 3873067., 3922597., 3972072.5, 4021494., 4070861.25, 4120174., 4169432.75, 4218637.5, 4267787.5, 4316883.5, 4365930.5, 4414925., 4463866.5, 4512755., 4561589.5, 4610371., 4659099.5, 4707774.5, 4756396., 4804964., 4853479., 4901940.5, 4950349., 4998704., 5047005.5, 5095254.]
time=[0., 86400.]
