last-generated=2014-04-28
temperature.T=[293.14999389648437500000, 321.52197265625000000000, 331.35052490234375000000, 332.32562255859375000000, 324.05755615234375000000, 309.71185302734375000000, 294.77722167968750000000, 284.95169067382812500000, 283.99142456054687500000, 292.25289916992187500000, 306.58862304687500000000, 321.52285766601562500000, 331.34738159179687500000, 332.31198120117187500000, 324.04849243164062500000, 309.71017456054687500000, 294.77813720703125000000, 284.95272827148437500000, 283.98666381835937500000, 292.25326538085937500000, 306.58789062500000000000, 321.52243041992187500000, 331.34826660156250000000, 332.31146240234375000000, 324.04977416992187500000, 309.71035766601562500000, 294.77822875976562500000, 284.95275878906250000000, 283.98626708984375000000, 292.25259399414056815658, 306.58856201171875000000, 321.52209472656250000000, 331.34790039062500000000, 332.31222534179687500000, 324.04757690429687500000, 309.71124267578125000000, 294.77746582031250000000, 284.95233154296875000000, 283.98834228515625000000, 292.25137329101562500000, 306.58993530273437500000, 321.52185058593750000000, 331.34725952148437500000, 332.31335449218750000000, 324.04672241210937500000, 309.71209716796875000000, 294.77755737304687500000, 284.95175170898437500000, 283.98855590820312500000, 292.25021362304687500000, 306.58963012695312500000, 321.52178955078125000000, 331.34722900390625000000, 332.31372070312500000000, 324.04739379882812500000, 309.71142578124988631316, 294.77789306640613631316, 284.95208740234380684342, 283.98776245117187500000, 292.25244140625000000000, 306.58877563476562500000, 321.52255249023437500000, 331.34765625000000000000, 332.31167602539062500000, 324.04861450195312500000, 309.71008300781250000000, 294.77816772460937500000, 284.95275878906250000000, 283.98663330078125000000, 292.25326538085937500000, 306.58789062500000000000, 321.52243041992187500000, 331.34826660156250000000, 332.31146240234375000000, 324.04977416992187500000, 309.71035766601562500000, 294.77822875976562500000, 284.95275878906250000000, 283.98626708984375000000, 292.25259399414062500000, 306.58859252929687500000, 321.52209472656250000000, 331.34790039062500000000, 332.31222534179687500000, 324.04757690429687500000, 309.71124267578125000000, 294.77746582031250000000, 284.95233154296875000000, 283.98834228515625000000, 292.25137329101562500000, 306.58993530273437500000, 321.52185058593750000000, 331.34725952148437500000, 332.31335449218750000000, 324.04672241210937500000, 309.71209716796875000000, 294.77755737304687500000, 284.95175170898437500000, 283.98855590820312500000, 292.25021362304687500000, 306.58413696289062500000]
cold.T=[283.14999389648437500000, 283.14999389648437500000]
hot.T=[333.14999389648437500000, 333.14999389648437500000]
time=[0.00000000000000000000, 100.00000000000000000000]
