last-generated=2015-06-27
statistics-simulation={'numerical Jacobians': '0', 'nonlinear': ' ', 'number of continuous time states': '2', 'linear': '0'}
radiator.QNom=[3000., 3000.]
prescribedTemperature.port.Q_flow=[0., 2559.88134765625, 2950.415771484375, 2995.809326171875, 2999.24365234375, 2999.721923828125, 2999.908203125, 2999.936767578125, 2999.965087890625, 2999.98779296875, 2999.98974609375, 2999.99169921875, 2999.993896484375, 2999.995849609375, 2999.997802734375, 2999.9990234375, 2999.999267578125, 2999.999267578125, 2999.999267578125, 2999.99951171875, 2999.99951171875, 2999.99951171875, 2999.999755859375, 2999.999755859375, 2999.999755859375, 2999.999755859375, 3000., 3000., 3000., 3000., 3000., 3000., 3000., 3000., 3000., 3000., 3000., 3000., 3000., 3000., 3000., 3000., 3000., 3000., 3000., 3000., 3000., 3000., 3000., 3000., 3000., 3000., 3000., 3000., 3000., 3000., 3000., 3000., 3000., 3000., 3000., 3000., 3000., 3000., 3000., 3000., 3000., 3000., 3000., 3000., 3000., 3000., 3000., 3000., 3000., 3000., 3000., 3000., 3000., 3000., 3000., 3000., 3000., 3000., 3000., 3000., 3000., 3000., 3000., 3000., 3000., 3000., 3000., 3000., 3000., 3000., 3000., 3000., 3000., 3000., 3000.]
time=[0., 100000.]
