last-generated=2015-06-27
statistics-simulation={'numerical Jacobians': '0', 'nonlinear': ' ', 'number of continuous time states': '1', 'linear': ' '}
runningMeanTemperature.TRm=[283.149993896484375, 283.227142333984375, 282.3634033203125, 281.582977294921875, 280.52972412109375, 279.405487060546875, 278.29827880859375, 276.387664794921875, 275.329132080078125, 274.75738525390625, 274.807525634765625, 272.9010009765625, 272.093658447265625, 270.787841796875, 271.079437255859375, 271.93121337890625, 273.195892333984375, 274.9454345703125, 276.048583984375, 277.795379638671875, 279.412689208984375, 278.0347900390625, 277.351715087890625, 278.27490234375, 278.86004638671875, 278.3162841796875, 279.034454345703125, 280.255859375, 280.99041748046875, 280.9815673828125, 280.3089599609375, 278.538055419921875, 277.49176025390625, 277.28033447265625, 276.07470703125, 274.882049560546875, 274.76556396484375, 275.00927734375, 274.90399169921875, 274.3365478515625, 273.62530517578125, 274.611358642578125, 275.842315673828125, 275.370574951171875, 275.72845458984375, 279.0802001953125, 280.827880859375, 280.90362548828125, 280.75750732421875, 280.630218505859375, 279.654052734375, 280.695892333984375, 280.49017333984375, 280.45330810546875, 279.779571533203125, 278.934967041015625, 278.453216552734375, 278.34381103515625, 276.540374755859375, 275.85406494140625, 275.84271240234375, 276.429351806640625, 276.5771484375, 277.13421630859375, 278.9951171875, 280.193756103515625, 282.0665283203125, 282.888092041015625, 283.2008056640625, 282.426055908203125, 282.35540771484375, 282.165252685546875, 281.97613525390625, 281.758514404296875, 281.533355712890625, 282.33526611328125, 282.810089111328125, 282.717315673828125, 283.459716796875, 282.499847412109375, 282.01605224609375, 280.77386474609375, 281.27685546875, 283.50347900390625, 284.617767333984375, 285.649505615234375, 286.144927978515625, 287.240325927734375, 288.036895751953125, 286.79241943359375, 286.162200927734375, 285.18316650390625, 284.3018798828125, 283.998931884765625, 282.982177734375, 281.726470947265625, 280.43927001953125, 280.591766357421875, 281.06494140625, 280.738250732421875, 281.38836669921875]
time=[0., 10000000.]
